582 16 48 12 8263
0 1 2 3 4 5 6 7 8 9 10 11 12 13 14 15 20 21 22 23 29 30 31 32 33 36 37 38 40 41 42 43 44 45 46 47 48 49 50 51 52 53 54 55 56 57 58 59
16 17 18 19 24 25 26 27 28 34 35 39
16 2 121
16 2 5
16 14 23
16 19 226
16 19 225
16 20 453
16 20 459
16 21 54
16 23 159
16 27 397
16 27 446
16 28 455
16 28 254
16 32 269
16 34 512
16 36 115
16 36 49
16 40 427
16 40 443
16 42 271
16 65 480
16 68 523
16 75 477
16 120 526
16 169 415
16 169 454
16 177 233
16 184 185
16 295 567
16 330 342
16 333 342
16 346 527
16 358 361
16 371 481
16 380 475
16 451 487
16 461 475
16 462 528
16 472 482
16 551 555
16 557 560
17 6 7
17 7 108
17 18 228
17 18 406
17 22 93
17 22 95
17 24 314
17 24 401
17 26 475
17 29 377
17 30 37
17 30 213
17 31 44
17 33 38
17 35 329
17 78 208
17 144 545
17 147 490
17 151 378
17 160 176
17 176 207
17 302 363
17 307 541
17 311 473
17 325 537
17 356 510
17 357 512
17 371 472
17 469 470
17 481 482
17 556 557
18 0 7
18 7 106
18 9 22
18 17 228
18 17 406
18 22 297
18 24 227
18 24 224
18 25 485
18 29 374
18 29 426
18 30 409
18 31 249
18 31 45
18 33 390
18 34 567
18 35 253
18 35 274
18 43 59
18 71 562
18 77 535
18 109 577
18 113 468
18 222 302
18 235 542
18 275 278
18 277 302
18 295 512
18 310 537
18 316 530
18 318 501
18 345 510
18 365 473
18 391 539
18 393 472
18 425 541
18 431 539
18 487 525
18 555 575
19 2 125
19 2 4
19 12 21
19 13 20
19 16 226
19 16 225
19 20 105
19 21 247
19 23 372
19 23 382
19 25 542
19 26 473
19 27 230
19 27 400
19 28 287
19 28 286
19 32 252
19 36 430
19 36 447
19 40 386
19 40 50
19 42 250
19 61 107
19 79 521
19 111 478
19 112 476
19 123 519
19 169 273
19 177 387
19 196 474
19 197 494
19 234 479
19 235 485
19 270 556
19 294 528
19 311 475
19 327 493
19 331 343
19 332 343
19 344 575
19 345 487
19 358 361
19 362 369
19 394 418
19 408 493
19 423 481
19 428 523
19 432 575
19 434 527
19 444 523
19 457 567
19 510 525
19 539 545
20 1 27
20 2 112
20 2 61
20 4 107
20 4 476
20 6 481
20 7 482
20 8 486
20 12 483
20 13 19
20 15 177
20 16 453
20 16 459
20 19 105
20 21 467
20 23 76
20 23 77
20 26 31
20 29 34
20 32 62
20 36 532
20 36 508
20 40 79
20 40 506
20 41 525
20 42 578
20 44 475
20 48 500
20 50 521
20 52 568
20 57 169
20 182 183
20 192 519
20 374 567
20 384 527
21 2 111
21 2 65
21 4 478
21 5 480
21 9 485
21 12 19
21 13 483
21 14 484
21 16 54
21 19 247
21 20 467
21 22 25
21 23 488
21 27 293
21 30 545
21 32 496
21 32 83
21 33 557
21 36 533
21 37 144
21 38 556
21 39 42
21 40 505
21 42 143
21 43 555
21 46 189
21 49 504
21 50 522
21 59 575
21 60 148
21 71 92
21 80 474
21 99 569
21 132 188
21 139 140
21 140 170
21 149 204
21 201 574
21 389 479
21 404 493
22 0 468
22 2 545
22 3 531
22 4 539
22 7 113
22 7 60
22 8 541
22 9 18
22 10 24
22 12 542
22 17 93
22 17 95
22 18 297
22 21 25
22 24 138
22 29 64
22 30 114
22 30 65
22 31 536
22 32 557
22 33 571
22 33 83
22 35 80
22 41 566
22 41 122
22 42 555
22 43 143
22 43 71
22 45 471
22 52 537
22 55 561
22 56 509
22 59 562
22 60 156
22 70 175
22 72 128
22 81 544
22 87 509
22 92 555
22 94 208
22 99 544
22 100 537
22 113 200
22 117 548
22 118 577
22 129 175
22 132 538
22 134 135
22 137 202
22 142 162
22 163 165
22 170 540
22 269 560
22 271 551
22 292 302
22 302 312
23 2 75
23 2 63
23 5 477
23 6 475
23 7 26
23 11 28
23 14 16
23 15 169
23 16 159
23 19 372
23 19 382
23 20 76
23 20 77
23 21 488
23 29 525
23 31 482
23 32 154
23 34 41
23 36 68
23 36 515
23 40 529
23 40 513
23 42 572
23 44 481
23 49 523
23 51 574
23 53 524
23 54 484
23 57 177
23 58 492
23 124 526
23 131 133
23 141 142
23 340 342
23 358 362
23 361 369
23 426 487
23 438 528
24 3 29
24 7 384
24 7 438
24 10 22
24 17 314
24 17 401
24 18 227
24 18 224
24 22 138
24 26 528
24 29 212
24 30 389
24 33 404
24 35 339
24 35 229
24 41 56
24 41 248
24 43 55
24 76 517
24 122 509
24 143 561
24 151 259
24 223 302
24 234 539
24 263 495
24 294 473
24 298 302
24 346 472
24 354 510
24 373 541
24 392 542
24 405 537
24 410 542
24 441 512
24 479 545
24 482 527
24 493 557
25 2 30
25 7 148
25 18 485
25 19 542
25 21 22
25 28 518
25 32 33
25 35 474
25 39 555
25 42 43
25 71 555
25 111 545
25 114 545
25 140 540
25 188 538
25 478 539
25 494 553
25 496 557
25 544 569
25 557 571
25 562 575
26 7 23
26 17 475
26 19 473
26 20 31
26 24 528
26 28 151
26 29 36
26 34 529
26 34 508
26 40 41
26 76 482
26 79 525
26 469 481
26 470 482
26 510 521
26 515 525
26 517 527
26 524 530
27 1 20
27 2 313
27 8 32
27 16 397
27 16 446
27 19 230
27 19 400
27 21 293
27 34 501
27 40 48
27 42 52
27 92 100
27 263 527
27 301 478
27 307 556
27 310 575
27 317 494
27 318 567
27 373 493
27 482 495
27 500 506
27 537 555
27 541 557
27 573 579
28 2 131
28 2 81
28 11 23
28 16 455
28 16 254
28 19 287
28 19 286
28 25 518
28 26 151
28 32 58
28 36 53
28 42 51
28 63 133
28 92 110
28 114 569
28 169 279
28 259 528
28 316 487
28 378 475
28 515 524
28 525 530
28 544 545
29 1 501
29 3 24
29 7 79
29 7 68
29 10 531
29 11 530
29 15 35
29 17 377
29 18 374
29 18 426
29 20 34
29 22 64
29 23 525
29 24 212
29 26 36
29 30 168
29 31 532
29 31 529
29 33 491
29 40 482
29 41 565
29 41 76
29 43 498
29 46 538
29 47 549
29 48 495
29 53 151
29 55 559
29 56 517
29 57 511
29 61 165
29 127 539
29 152 153
29 372 510
29 427 472
29 430 473
29 453 512
30 2 25
30 4 542
30 6 540
30 7 211
30 8 537
30 12 539
30 15 538
30 17 37
30 17 213
30 18 409
30 21 545
30 22 114
30 22 65
30 24 389
30 29 168
30 31 543
30 32 555
30 33 39
30 33 147
30 35 46
30 38 490
30 41 489
30 42 557
30 43 129
30 43 496
30 44 534
30 47 553
30 52 541
30 57 516
30 71 175
30 131 518
30 134 135
31 0 535
31 6 469
31 7 77
31 7 470
31 9 471
31 13 473
31 14 472
31 17 44
31 18 249
31 18 45
31 20 26
31 22 536
31 23 482
31 29 532
31 29 529
31 30 543
31 33 547
31 34 36
31 37 534
31 38 552
31 40 525
31 41 515
31 41 506
31 43 563
31 49 512
31 50 510
31 59 576
31 120 165
32 1 486
32 2 71
32 2 147
32 8 27
32 10 493
32 11 492
32 16 269
32 19 252
32 20 62
32 21 496
32 21 83
32 22 557
32 23 154
32 25 33
32 28 58
32 30 555
32 36 503
32 40 502
32 42 579
32 42 114
32 43 545
32 46 494
32 47 474
32 48 520
32 51 569
32 52 573
32 53 554
32 55 479
32 65 92
32 95 556
32 108 150
32 209 210
33 2 555
33 5 551
33 6 548
33 7 550
33 15 549
33 17 38
33 18 390
33 21 557
33 22 571
33 22 83
33 24 404
33 25 32
33 29 491
33 30 39
33 30 147
33 31 547
33 35 47
33 37 490
33 41 497
33 42 545
33 43 579
33 43 111
33 44 552
33 46 553
33 51 544
33 54 560
33 57 546
33 58 518
33 74 175
33 293 541
33 301 302
33 313 537
34 2 165
34 7 40
34 16 512
34 18 567
34 20 29
34 23 41
34 26 529
34 26 508
34 27 501
34 31 36
34 35 177
34 68 482
34 77 525
34 169 511
34 472 523
34 482 506
34 487 535
34 495 500
34 525 565
35 7 413
35 15 29
35 17 329
35 18 253
35 18 274
35 22 80
35 24 339
35 24 229
35 25 474
35 30 46
35 33 47
35 34 177
35 39 553
35 41 57
35 130 175
35 169 525
35 189 545
35 196 542
35 233 512
35 273 510
35 279 530
35 302 303
35 317 537
35 367 472
35 368 473
35 379 541
35 494 555
35 511 565
36 0 487
36 2 120
36 2 514
36 3 528
36 5 526
36 7 525
36 11 524
36 14 523
36 16 115
36 16 49
36 19 430
36 19 447
36 20 532
36 20 508
36 21 533
36 23 68
36 23 515
36 26 29
36 28 53
36 31 34
36 32 503
36 40 565
36 40 470
36 41 482
36 42 581
36 45 567
36 51 558
36 54 504
36 56 527
36 58 554
36 124 477
36 169 413
36 255 321
36 256 304
36 257 265
36 299 350
36 341 342
36 361 398
36 377 475
36 394 417
37 6 211
37 7 540
37 9 306
37 17 30
37 21 144
37 31 534
37 33 490
37 38 39
37 42 556
37 44 543
37 46 329
37 52 307
37 60 170
37 65 93
37 95 114
37 140 148
37 168 377
37 171 187
37 221 235
37 228 409
37 250 270
37 314 389
38 6 550
38 7 548
38 17 33
38 21 556
38 30 490
38 31 552
38 37 39
38 42 144
38 44 547
38 70 217
38 83 95
38 92 198
38 93 571
38 109 204
38 113 117
38 125 173
38 137 139
38 147 213
38 148 150
38 179 180
38 221 432
38 228 390
38 247 270
38 293 307
38 301 363
38 313 325
38 344 352
38 401 404
39 21 42
39 25 555
39 30 33
39 35 553
39 37 38
39 52 293
39 65 571
39 83 114
39 111 129
39 211 550
39 235 432
39 247 250
39 390 409
39 410 463
39 485 575
39 496 579
39 505 564
39 533 581
39 534 552
39 540 548
39 543 547
40 0 567
40 1 500
40 2 123
40 2 507
40 3 527
40 4 519
40 7 34
40 8 520
40 12 522
40 13 521
40 16 427
40 16 443
40 19 386
40 19 50
40 20 79
40 20 506
40 21 505
40 23 529
40 23 513
40 26 41
40 27 48
40 29 482
40 31 525
40 32 502
40 36 565
40 36 470
40 42 564
40 45 487
40 52 580
40 56 528
40 192 476
40 255 324
40 256 305
40 257 268
40 299 351
40 328 343
40 361 399
40 394 419
41 3 517
41 7 513
41 7 508
41 10 509
41 13 510
41 14 512
41 15 511
41 20 525
41 22 566
41 22 122
41 23 34
41 24 56
41 24 248
41 26 40
41 29 565
41 29 76
41 30 489
41 31 515
41 31 506
41 33 497
41 35 57
41 36 482
41 43 570
41 46 516
41 47 546
41 49 472
41 50 473
41 55 499
41 75 165
42 1 568
42 2 129
42 2 571
42 8 573
42 9 575
42 11 574
42 16 271
42 19 250
42 20 578
42 21 143
42 21 39
42 22 555
42 23 572
42 25 43
42 27 52
42 28 51
42 30 557
42 32 579
42 32 114
42 33 545
42 36 581
42 37 556
42 38 144
42 40 564
42 48 580
42 53 558
42 58 569
42 59 485
42 82 92
42 137 148
43 0 577
43 2 557
43 3 559
43 5 560
43 7 137
43 7 109
43 9 562
43 10 561
43 18 59
43 21 555
43 22 143
43 22 71
43 24 55
43 25 42
43 29 498
43 30 129
43 30 496
43 31 563
43 32 545
43 33 579
43 33 111
43 41 570
43 45 576
43 51 518
43 54 551
43 56 499
43 58 544
43 60 202
43 65 175
43 118 468
43 139 548
43 230 302
43 245 251
43 250 542
43 252 539
43 276 278
44 6 77
44 7 469
44 13 311
44 14 371
44 17 31
44 20 475
44 23 481
44 30 534
44 33 552
44 37 543
44 38 547
44 45 406
44 95 536
44 108 470
44 220 237
44 228 249
44 233 340
44 319 441
44 377 532
44 380 453
44 382 423
44 459 461
45 0 470
45 7 535
45 9 536
45 18 31
45 22 471
45 36 567
45 40 487
45 43 576
45 44 406
45 49 295
45 50 345
45 59 563
45 77 106
45 78 101
45 239 249
45 242 367
45 267 368
45 289 294
45 290 346
45 304 399
45 305 398
45 311 364
45 374 532
45 426 529
45 427 451
45 430 457
45 459 464
46 2 474
46 4 196
46 8 317
46 10 323
46 15 168
46 21 189
46 29 538
46 30 35
46 32 494
46 33 553
46 37 329
46 41 516
46 47 147
46 57 489
46 64 132
46 65 80
46 71 130
46 126 127
46 197 252
46 211 413
46 219 234
46 229 389
46 274 409
47 2 494
47 15 491
47 29 549
47 30 553
47 32 474
47 33 35
47 41 546
47 46 147
47 55 261
47 57 497
47 74 130
47 80 83
47 92 166
47 125 197
47 190 191
47 219 408
47 229 404
47 253 390
47 293 379
47 301 303
47 313 317
47 327 337
48 0 318
48 1 79
48 3 263
48 7 501
48 8 502
48 20 500
48 27 40
48 29 495
48 32 520
48 42 580
48 50 400
48 52 564
48 230 386
48 267 282
48 281 412
48 293 505
48 313 507
48 315 360
48 332 338
48 346 411
48 359 375
48 397 427
48 434 465
48 443 446
49 2 526
49 5 514
49 14 515
49 16 36
49 21 504
49 23 523
49 31 512
49 41 472
49 45 295
49 53 455
49 54 533
49 56 346
49 68 159
49 74 90
49 75 124
49 115 116
49 120 121
49 218 368
49 220 356
49 225 447
49 226 430
49 236 345
49 242 264
49 274 284
49 291 294
49 311 433
49 314 319
49 329 340
49 333 341
49 354 435
49 358 398
49 365 442
49 372 428
49 377 380
49 382 444
49 413 415
49 427 565
49 443 470
49 453 532
49 459 508
50 2 519
50 4 507
50 12 505
50 13 506
50 19 40
50 20 521
50 21 522
50 31 510
50 41 473
50 45 345
50 48 400
50 56 294
50 74 91
50 79 105
50 112 192
50 123 125
50 218 367
50 220 357
50 225 443
50 226 427
50 227 440
50 231 386
50 236 295
50 253 266
50 267 285
50 291 346
50 315 322
50 328 331
50 358 399
50 372 529
50 375 381
50 382 513
50 412 414
50 418 419
50 430 565
50 447 470
51 11 572
51 23 574
51 28 42
51 32 569
51 33 544
51 36 558
51 43 518
51 53 581
51 58 579
51 70 158
51 75 146
51 81 571
51 82 110
51 83 99
51 129 131
51 164 174
51 201 488
51 250 287
51 254 271
52 1 578
52 8 114
52 9 310
52 12 292
52 20 568
52 22 537
52 27 42
52 30 541
52 32 573
52 37 307
52 39 293
52 40 580
52 48 564
52 82 100
52 93 325
52 138 405
52 222 235
52 223 410
52 230 250
52 271 446
52 298 392
52 302 542
52 313 571
52 409 425
53 0 316
53 3 259
53 7 530
53 11 68
53 23 524
53 28 36
53 29 151
53 32 554
53 42 558
53 49 455
53 51 581
53 58 503
53 81 120
53 115 254
53 131 514
53 258 385
53 274 280
53 279 413
53 286 430
53 287 447
53 330 336
53 377 378
53 428 429
53 435 437
53 444 445
54 2 480
54 5 111
54 12 226
54 14 488
54 16 21
54 23 484
54 33 560
54 36 504
54 43 551
54 49 533
54 65 121
54 74 84
54 83 269
54 143 271
54 225 247
54 293 397
54 427 505
54 453 467
55 2 493
55 3 498
55 4 327
55 10 71
55 12 402
55 22 561
55 24 43
55 29 559
55 32 479
55 41 499
55 47 261
55 56 570
55 59 227
55 109 438
55 111 404
55 125 408
55 130 323
55 137 384
55 138 143
55 197 219
55 223 230
55 234 252
55 247 463
55 250 410
55 389 496
56 3 565
56 10 566
56 22 509
56 24 41
56 29 517
56 36 527
56 40 528
56 43 499
56 49 346
56 50 294
56 55 570
56 57 339
56 76 212
56 82 87
56 122 138
56 164 167
56 238 248
56 267 283
56 273 370
56 289 345
56 290 295
56 315 356
56 320 357
56 372 460
56 384 508
56 434 447
56 438 513
56 443 462
57 13 273
57 14 233
57 15 76
57 20 169
57 23 177
57 29 511
57 30 516
57 33 546
57 35 41
57 46 489
57 47 497
57 56 339
57 80 122
57 190 194
57 218 296
57 229 248
57 266 365
57 284 393
57 340 371
57 372 387
57 413 508
57 415 459
57 453 454
58 11 154
58 23 492
58 28 32
58 33 518
58 36 554
58 42 569
58 43 544
58 51 579
58 53 503
58 71 81
58 99 143
58 131 147
58 202 203
58 252 286
58 254 269
58 429 439
59 0 137
59 4 424
59 7 577
59 9 143
59 12 344
59 18 43
59 21 575
59 22 562
59 31 576
59 42 485
59 45 563
59 55 227
59 71 297
59 78 98
59 97 136
59 106 109
59 111 390
59 113 118
59 125 449
59 129 409
59 221 270
59 222 230
59 235 250
59 247 432
59 252 391
59 275 276
59 374 498
60 0 97
60 0 9
60 6 93
60 6 94
60 7 22
60 10 438
60 21 148
60 22 156
60 37 170
60 43 202
60 64 68
60 65 211
60 71 109
60 78 113
60 80 413
60 82 113
60 95 108
60 98 118
60 106 297
60 120 181
60 122 508
60 136 137
60 137 143
60 138 384
60 140 144
60 149 198
60 150 556
60 176 542
60 186 187
60 203 544
60 216 217
60 470 536
60 471 535
60 513 566
60 550 571
60 562 577
61 2 20
61 4 67
61 4 13
61 5 459
61 8 119
61 19 107
61 29 165
61 62 71
61 63 77
61 63 193
61 64 163
61 65 69
61 65 467
61 74 112
61 75 76
61 79 123
61 86 167
61 91 192
61 105 125
61 120 532
61 121 453
61 129 578
61 161 177
61 182 182
61 214 481
61 221 309
61 478 483
61 506 507
61 508 514
61 519 521
62 1 8
62 12 104
62 13 252
62 20 32
62 61 71
62 69 70
62 77 154
62 79 502
62 112 147
62 114 578
62 237 439
62 269 459
62 467 496
62 500 520
62 503 532
62 568 573
63 2 23
63 4 382
63 5 89
63 5 14
63 11 81
63 28 133
63 61 77
63 61 193
63 64 181
63 68 120
63 71 154
63 74 75
63 76 112
63 90 124
63 99 157
63 111 488
63 121 159
63 123 529
63 125 372
63 140 475
63 141 141
63 151 203
63 161 169
63 480 484
63 507 513
63 514 515
63 523 526
63 571 572
64 3 10
64 4 127
64 9 426
64 10 86
64 15 80
64 22 29
64 46 132
64 60 68
64 61 163
64 63 181
64 65 168
64 71 498
64 76 122
64 79 113
64 83 491
64 93 377
64 126 196
64 138 212
64 161 166
64 188 189
64 297 374
64 509 517
64 529 536
64 559 561
64 565 566
65 2 21
65 4 12
65 5 84
65 6 170
65 8 100
65 9 409
65 10 389
65 11 145
65 15 132
65 16 480
65 22 30
65 32 92
65 37 93
65 39 571
65 43 175
65 46 80
65 54 121
65 60 211
65 61 69
65 61 467
65 64 168
65 70 71
65 71 496
65 74 111
65 75 488
65 82 114
65 83 147
65 95 213
65 120 533
65 122 489
65 125 247
65 129 143
65 134 134
65 139 215
65 146 201
65 166 474
65 173 270
65 204 216
65 205 206
65 228 306
65 229 323
65 288 308
65 293 313
65 307 325
65 310 425
65 317 379
65 327 402
65 344 424
65 373 405
65 408 463
65 432 449
65 476 483
65 505 507
65 519 522
65 537 541
65 555 557
66 4 4
66 13 67
66 74 231
66 91 386
66 107 476
66 260 323
67 2 107
67 4 61
67 12 69
67 13 66
67 70 104
67 74 105
67 79 91
67 102 102
67 127 163
67 193 382
68 0 426
68 3 438
68 5 124
68 6 377
68 7 29
68 11 53
68 14 115
68 15 413
68 16 523
68 23 36
68 34 482
68 49 159
68 60 64
68 63 120
68 75 514
68 76 508
68 77 532
68 78 79
68 89 90
68 106 374
68 109 498
68 152 152
68 154 503
68 168 211
68 195 530
68 212 384
68 224 385
68 225 428
68 226 444
68 329 330
68 372 447
68 382 430
68 434 460
68 470 529
68 492 554
68 495 501
68 513 565
68 558 574
68 572 581
69 12 67
69 61 65
69 62 70
69 84 459
69 163 168
70 2 92
70 11 174
70 22 175
70 38 217
70 51 158
70 62 69
70 65 71
70 67 104
70 72 72
70 74 83
70 80 130
70 82 129
70 84 269
70 110 131
70 117 215
70 146 157
70 164 572
70 166 494
70 189 191
71 0 118
71 1 119
71 2 32
71 4 252
71 5 269
71 7 202
71 10 55
71 18 562
71 21 92
71 22 43
71 25 555
71 30 175
71 46 130
71 58 81
71 59 297
71 60 109
71 61 62
71 63 154
71 64 498
71 65 496
71 65 70
71 74 147
71 78 136
71 82 143
71 83 111
71 97 98
71 113 137
71 114 129
71 117 139
71 120 503
71 123 502
71 145 174
71 149 150
71 157 201
71 196 197
71 198 556
71 209 209
71 230 312
71 392 402
71 474 494
71 499 509
71 531 559
71 566 570
71 571 579
72 2 73
72 22 128
72 73 92
72 128 175
72 134 209
73 2 72
73 72 92
73 128 555
73 128 545
73 134 210
74 2 190
74 2 2
74 4 125
74 5 121
74 6 215
74 33 175
74 47 130
74 49 90
74 50 91
74 54 84
74 61 112
74 63 75
74 65 111
74 66 231
74 67 105
74 70 83
74 71 147
74 76 193
74 81 131
74 88 116
74 89 159
74 95 217
74 99 158
74 108 216
74 120 514
74 123 507
74 129 571
74 140 214
74 161 188
74 166 189
74 191 494
74 261 323
75 2 23
75 4 372
75 5 159
75 11 131
75 14 121
75 16 477
75 41 165
75 49 124
75 51 146
75 61 76
75 63 74
75 65 488
75 68 514
75 77 112
75 82 164
75 87 167
75 110 174
75 120 515
75 122 163
75 123 513
75 125 382
75 129 572
75 142 142
75 147 154
75 157 158
75 169 188
75 214 475
75 507 529
76 3 248
76 13 372
76 14 453
76 15 57
76 20 23
76 24 517
76 26 482
76 29 41
76 56 212
76 61 75
76 63 112
76 64 122
76 68 508
76 74 193
76 79 513
76 86 87
76 105 382
76 159 459
76 168 489
76 226 296
76 371 380
76 467 488
76 475 481
76 491 497
76 506 529
76 515 532
76 516 538
76 546 549
76 572 578
77 0 249
77 0 101
77 6 44
77 7 31
77 13 382
77 14 459
77 18 535
77 20 23
77 34 525
77 45 106
77 61 63
77 62 154
77 68 532
77 75 112
77 78 470
77 79 529
77 105 372
77 109 563
77 113 536
77 159 453
77 163 181
77 169 177
77 208 469
77 211 543
77 225 237
77 233 415
77 506 513
77 508 515
77 534 540
77 547 550
77 548 552
78 0 106
78 6 108
78 7 199
78 7 7
78 17 208
78 45 101
78 59 98
78 60 113
78 68 79
78 71 136
78 77 470
78 82 155
78 94 95
78 96 239
78 97 297
78 109 137
78 139 204
78 140 149
78 151 195
78 156 200
78 171 180
78 172 207
78 215 216
78 384 438
78 508 513
79 0 374
79 1 48
79 3 384
79 4 192
79 7 29
79 13 386
79 19 521
79 20 40
79 26 525
79 50 105
79 61 123
79 62 502
79 64 113
79 67 91
79 68 78
79 76 513
79 77 529
79 106 426
79 107 519
79 108 377
79 112 507
79 137 498
79 151 530
79 153 153
79 212 438
79 427 459
79 443 453
79 451 464
79 470 532
79 486 520
79 491 550
79 508 565
79 564 578
79 568 580
80 2 189
80 2 166
80 8 379
80 9 274
80 10 229
80 12 196
80 15 64
80 21 474
80 22 35
80 46 65
80 47 83
80 57 122
80 60 413
80 70 130
80 92 494
80 93 329
80 100 317
80 138 339
80 253 297
80 303 312
81 2 28
81 4 286
81 5 254
81 7 203
81 11 63
81 22 544
81 51 571
81 53 120
81 58 71
81 74 131
81 82 99
81 83 110
81 121 455
81 125 287
82 7 200
82 7 156
82 9 297
82 10 138
82 11 157
82 22 22
82 42 92
82 51 110
82 52 100
82 56 87
82 60 113
82 65 114
82 70 129
82 71 143
82 75 164
82 78 155
82 81 99
82 83 571
82 85 238
82 86 212
82 93 95
82 122 566
82 131 158
82 144 198
82 146 174
82 195 205
82 227 243
82 292 312
83 2 92
83 6 117
83 8 293
83 10 404
83 21 32
83 22 33
83 38 95
83 39 114
83 47 80
83 51 99
83 54 269
83 64 491
83 65 147
83 70 74
83 71 111
83 73 73
83 81 110
83 82 571
83 100 313
83 104 105
83 113 550
83 122 497
83 143 579
83 154 488
83 189 494
83 234 463
83 247 252
83 297 390
83 301 312
83 391 432
83 502 505
83 536 547
83 545 555
84 2 480
84 5 65
84 54 74
84 69 459
84 70 269
84 90 533
84 175 560
85 3 86
85 10 10
85 82 238
85 87 248
85 224 243
86 3 85
86 10 64
86 61 167
86 76 87
86 82 212
86 243 426
87 10 122
87 22 509
87 56 82
87 75 167
87 76 86
87 85 248
88 5 5
88 14 89
88 74 116
88 90 115
89 5 63
89 14 88
89 68 90
89 74 159
89 193 459
89 215 380
90 2 526
90 5 120
90 49 74
90 63 124
90 68 89
90 84 533
90 88 115
91 2 519
91 4 123
91 50 74
91 61 192
91 66 386
91 67 79
92 2 70
92 2 83
92 21 71
92 22 555
92 27 100
92 28 110
92 32 65
92 38 198
92 42 82
92 47 166
92 72 73
92 80 494
92 104 107
92 117 140
92 130 189
92 145 492
92 157 574
92 175 545
92 269 480
92 297 575
93 2 144
93 6 60
93 9 228
93 10 314
93 17 22
93 37 65
93 38 571
93 52 325
93 64 377
93 80 329
93 82 95
93 94 155
93 108 113
93 114 213
93 138 401
93 173 250
93 292 363
93 297 406
94 6 60
94 22 208
94 78 95
94 93 155
94 97 228
94 170 211
95 2 198
95 6 113
95 8 307
95 9 406
95 10 401
95 17 22
95 32 556
95 37 114
95 38 83
95 44 536
95 60 108
95 65 213
95 74 217
95 78 94
95 82 93
95 100 325
95 138 314
95 221 391
95 228 297
95 252 270
95 312 363
96 0 0
96 9 97
96 78 239
96 101 249
97 0 60
97 9 96
97 9 155
97 59 136
97 71 98
97 78 297
97 94 228
97 156 468
97 202 577
98 0 109
98 7 577
98 59 78
98 60 118
98 71 97
98 101 563
99 21 569
99 22 544
99 51 83
99 58 143
99 63 157
99 74 158
99 81 82
99 154 201
99 156 203
100 8 65
100 10 405
100 12 312
100 22 537
100 27 92
100 52 82
100 80 317
100 83 313
100 95 325
100 119 467
100 297 310
101 0 77
101 7 535
101 45 78
101 96 249
101 98 563
102 2 103
102 103 107
103 2 102
103 102 107
104 12 62
104 67 70
104 83 105
104 92 107
104 252 467
105 1 400
105 2 107
105 4 112
105 13 231
105 19 20
105 50 79
105 61 125
105 67 74
105 76 382
105 77 372
105 83 104
105 103 103
105 225 453
105 226 459
105 247 467
105 386 506
105 430 508
105 447 532
106 0 239
106 0 78
106 6 406
106 7 18
106 9 113
106 14 464
106 45 77
106 59 109
106 60 297
106 68 374
106 79 426
106 108 228
106 224 384
106 227 438
106 249 470
106 253 413
107 2 105
107 2 67
107 4 20
107 19 61
107 66 476
107 79 519
107 92 104
107 102 103
108 0 406
108 2 149
108 6 78
108 7 17
108 12 207
108 32 150
108 44 470
108 60 95
108 74 216
108 79 377
108 93 113
108 106 228
108 111 204
108 199 208
108 211 213
108 314 384
108 401 438
109 0 98
109 7 43
109 9 118
109 18 577
109 38 204
109 55 438
109 59 106
109 60 71
109 68 498
109 77 563
109 78 137
109 113 143
109 149 556
109 160 178
109 173 207
109 211 496
109 513 570
109 550 579
110 28 92
110 51 82
110 70 131
110 75 174
110 81 83
111 2 21
111 4 247
111 5 54
111 6 139
111 12 125
111 19 478
111 25 545
111 33 43
111 39 129
111 55 404
111 59 390
111 63 488
111 65 74
111 71 83
111 108 204
111 112 467
111 123 505
111 137 550
111 143 571
111 147 496
111 170 215
111 186 381
111 189 474
111 229 261
111 230 301
111 477 484
111 491 498
111 504 526
111 514 533
111 518 544
112 1 313
112 2 20
112 4 105
112 5 453
112 13 125
112 19 476
112 50 192
112 61 74
112 62 147
112 63 76
112 75 77
112 79 507
112 111 467
112 120 508
112 121 459
112 122 181
112 123 506
112 140 481
112 177 188
112 183 183
112 514 532
112 571 578
113 0 297
113 6 95
113 7 22
113 9 106
113 10 384
113 18 468
113 22 200
113 38 117
113 59 118
113 60 82
113 60 78
113 64 79
113 71 137
113 77 536
113 83 550
113 93 108
113 109 143
113 114 211
113 122 513
113 123 163
113 138 438
113 140 198
113 144 149
113 215 217
113 508 566
114 8 52
114 22 30
114 25 545
114 28 569
114 32 42
114 37 95
114 39 83
114 62 578
114 65 82
114 71 129
114 93 213
114 113 211
114 135 135
114 138 389
114 143 496
114 147 571
114 195 206
114 234 410
114 235 391
114 250 252
114 297 409
114 486 568
114 489 566
114 502 564
114 520 580
114 536 543
114 539 542
115 0 451
115 3 462
115 5 120
115 14 68
115 16 36
115 49 116
115 53 254
115 88 90
115 121 514
115 159 515
115 224 458
115 225 430
115 226 447
115 269 503
115 271 581
115 290 385
115 330 341
115 374 464
115 377 461
115 413 454
115 426 456
115 427 470
115 438 450
115 443 565
115 453 508
115 459 532
116 5 121
116 14 159
116 16 16
116 49 115
116 74 88
116 225 226
116 254 455
116 330 333
116 380 461
116 397 446
116 415 454
116 427 443
116 436 437
116 453 459
117 6 83
117 22 548
117 38 113
117 70 215
117 71 139
117 92 140
118 0 71
118 7 562
118 9 109
118 22 577
118 43 468
118 59 113
118 60 98
119 1 71
119 2 486
119 8 61
119 13 312
119 100 467
120 2 36
120 4 430
120 5 90
120 5 115
120 14 124
120 16 526
120 31 165
120 49 121
120 53 81
120 60 181
120 61 532
120 63 68
120 65 533
120 71 503
120 74 514
120 75 515
120 112 508
120 123 470
120 125 447
120 507 565
120 571 581
121 2 16
121 4 226
121 5 74
121 5 116
121 14 75
121 49 120
121 54 65
121 61 453
121 63 159
121 81 455
121 112 459
121 115 514
121 123 443
121 125 225
121 129 271
121 131 254
121 147 269
121 165 512
121 175 551
121 185 185
121 313 397
121 427 507
122 10 87
122 10 248
122 22 41
122 24 509
122 56 138
122 57 80
122 60 508
122 64 76
122 65 489
122 75 163
122 82 566
122 83 497
122 112 181
122 113 513
122 143 570
122 506 536
123 2 40
123 4 386
123 4 91
123 5 427
123 7 165
123 13 192
123 19 519
123 50 125
123 61 79
123 63 529
123 71 502
123 74 507
123 75 513
123 111 505
123 112 506
123 113 163
123 120 470
123 121 443
123 129 564
123 181 536
123 514 565
124 2 523
124 4 428
124 5 68
124 14 120
124 23 526
124 36 477
124 49 75
124 63 90
124 125 444
124 165 472
125 2 19
125 4 231
125 4 74
125 5 226
125 12 111
125 13 112
125 38 173
125 47 197
125 50 123
125 55 408
125 59 449
125 61 105
125 63 372
125 65 247
125 75 382
125 81 287
125 120 447
125 121 225
125 124 444
125 131 286
125 139 172
125 147 252
125 178 179
125 204 207
125 219 261
125 228 352
125 230 313
125 250 571
125 288 301
125 323 337
125 344 390
125 386 507
125 402 404
125 430 514
126 3 219
126 4 132
126 12 15
126 46 127
126 64 196
126 160 330
126 172 332
126 188 478
126 197 498
126 281 288
126 387 467
126 538 539
127 3 234
127 4 64
127 12 168
127 29 539
127 46 126
127 67 163
127 252 498
127 374 391
127 426 431
128 22 72
128 72 175
128 73 555
128 73 545
128 135 209
129 2 42
129 4 250
129 11 146
129 22 175
129 30 43
129 39 111
129 51 131
129 59 409
129 61 578
129 65 143
129 70 82
129 71 114
129 74 571
129 75 572
129 121 271
129 123 564
129 128 128
129 133 574
129 137 211
129 147 579
129 344 431
129 489 570
129 514 581
129 545 555
130 2 191
130 2 494
130 4 197
130 35 175
130 46 71
130 47 74
130 55 323
130 70 80
130 92 189
130 132 498
131 2 28
131 4 287
131 5 455
131 11 75
131 23 133
131 30 518
131 51 129
131 53 514
131 58 147
131 70 110
131 74 81
131 82 158
131 121 254
131 125 286
132 3 323
132 4 126
132 15 65
132 21 188
132 22 538
132 46 64
132 130 498
132 145 279
132 170 330
133 2 11
133 23 131
133 28 63
133 129 574
133 140 378
133 147 492
133 161 279
133 514 524
134 22 135
134 30 135
134 72 209
134 73 210
135 22 134
135 30 134
135 128 209
136 7 202
136 59 97
136 60 137
136 71 78
136 140 150
136 143 155
137 0 59
137 7 43
137 22 202
137 38 139
137 42 148
137 55 384
137 60 143
137 60 136
137 71 113
137 78 109
137 79 498
137 111 550
137 129 211
137 140 556
137 144 150
137 172 173
137 468 562
137 470 563
137 508 570
137 535 576
138 9 227
138 10 82
138 10 238
138 12 410
138 22 24
138 52 405
138 55 143
138 56 122
138 60 384
138 64 212
138 80 339
138 93 401
138 95 314
138 113 438
138 114 389
138 223 292
138 224 297
138 248 566
138 250 402
138 298 312
138 404 571
139 6 111
139 21 140
139 38 137
139 43 548
139 65 215
139 71 117
139 78 204
139 125 172
139 144 148
139 186 231
140 2 215
140 2 6
140 21 139
140 21 170
140 25 540
140 37 148
140 60 144
140 63 475
140 74 214
140 78 149
140 92 117
140 112 481
140 113 198
140 133 378
140 136 150
140 137 556
140 160 478
140 161 332
140 188 330
140 423 476
140 548 555
141 2 142
141 23 142
142 2 141
142 22 162
142 23 141
143 9 59
143 11 201
143 12 250
143 21 42
143 22 43
143 24 561
143 54 271
143 55 138
143 58 99
143 60 137
143 65 129
143 71 82
143 83 579
143 109 113
143 111 571
143 114 496
143 122 570
143 136 155
143 144 556
143 145 146
143 156 202
143 230 292
143 424 431
143 467 578
143 468 577
143 471 576
143 488 572
143 536 563
143 545 557
144 2 93
144 17 545
144 21 37
144 38 42
144 60 140
144 82 198
144 113 149
144 137 150
144 139 148
144 143 556
144 189 329
144 314 479
144 490 557
145 11 65
145 71 174
145 92 492
145 132 279
145 143 146
145 156 206
146 2 574
146 11 129
146 51 75
146 65 201
146 70 157
146 82 174
146 143 145
146 202 206
147 2 32
147 8 313
147 17 490
147 30 33
147 38 213
147 46 47
147 58 131
147 62 112
147 65 83
147 71 74
147 75 154
147 111 496
147 114 571
147 121 269
147 125 252
147 129 579
147 133 492
147 168 491
147 210 210
147 234 408
147 389 404
147 391 449
147 479 493
147 489 497
147 502 507
147 503 514
147 516 546
147 538 549
147 545 557
148 0 485
148 2 211
148 7 25
148 21 60
148 37 140
148 38 150
148 42 137
148 139 144
148 202 555
148 413 474
149 2 216
149 2 108
149 21 204
149 60 198
149 71 150
149 78 140
149 109 556
149 113 144
150 32 108
150 38 148
150 60 556
150 71 149
150 136 140
150 137 144
151 7 11
151 17 378
151 24 259
151 26 28
151 29 53
151 63 203
151 78 195
151 79 530
151 155 205
151 156 157
151 286 473
151 524 525
152 7 153
152 29 153
153 7 152
153 29 152
154 11 58
154 14 269
154 23 32
154 62 77
154 63 71
154 68 503
154 75 147
154 83 488
154 99 201
154 225 439
154 252 382
154 502 529
154 524 554
154 569 574
154 572 579
155 7 156
155 9 97
155 60 60
155 78 82
155 93 94
155 136 143
155 151 205
155 199 200
156 7 82
156 7 155
156 11 205
156 22 60
156 78 200
156 97 468
156 99 203
156 143 202
156 145 206
156 151 157
157 7 205
157 11 82
157 63 99
157 70 146
157 71 201
157 75 158
157 92 574
157 151 156
157 195 200
158 11 164
158 51 70
158 74 99
158 75 157
158 82 131
159 5 75
159 6 380
159 11 455
159 14 116
159 15 415
159 16 23
159 49 68
159 63 121
159 74 89
159 76 459
159 77 453
159 115 515
159 225 372
159 226 382
159 330 340
159 427 513
159 443 529
160 4 170
160 6 12
160 17 176
160 109 178
160 126 330
160 140 478
160 171 172
160 180 207
160 288 359
160 423 467
160 539 540
161 2 15
161 61 177
161 63 169
161 64 166
161 74 188
161 133 279
161 140 332
161 168 474
161 214 330
161 549 555
162 22 142
163 10 167
163 22 165
163 61 64
163 67 127
163 69 168
163 75 122
163 77 181
163 113 123
163 164 566
163 166 177
164 11 158
164 51 174
164 56 167
164 70 572
164 75 82
164 162 162
164 163 566
165 2 34
165 7 123
165 22 163
165 29 61
165 31 120
165 41 75
165 121 512
165 124 472
166 2 80
166 47 92
166 64 161
166 65 474
166 70 494
166 74 189
166 163 177
166 169 181
167 10 163
167 56 164
167 61 86
167 75 87
168 3 389
168 12 127
168 15 46
168 29 30
168 37 377
168 64 65
168 68 211
168 69 163
168 76 489
168 147 491
168 161 474
168 409 426
168 496 498
168 511 516
168 532 543
168 549 553
169 15 23
169 16 415
169 16 454
169 19 273
169 20 57
169 28 279
169 34 511
169 35 525
169 36 413
169 63 161
169 75 188
169 77 177
169 166 181
169 257 362
169 274 487
169 311 343
169 332 475
170 0 306
170 4 160
170 6 65
170 21 140
170 22 540
170 37 60
170 94 211
170 111 215
170 132 330
170 171 186
171 12 12
171 37 187
171 78 180
171 160 172
171 170 186
172 4 186
172 6 12
172 78 207
172 125 139
172 126 332
172 137 173
172 160 171
172 176 208
172 214 478
172 247 381
172 481 483
173 38 125
173 65 270
173 93 250
173 109 207
173 137 172
173 178 180
173 213 252
173 228 344
173 230 325
173 288 363
173 401 402
174 11 70
174 51 164
174 71 145
174 75 110
174 82 146
175 2 555
175 22 129
175 22 70
175 30 71
175 33 74
175 35 130
175 43 65
175 72 128
175 84 560
175 92 545
175 121 551
175 202 211
175 215 548
175 409 562
176 7 12
176 17 160
176 17 207
176 60 542
176 172 208
176 344 577
177 15 20
177 16 233
177 19 387
177 23 57
177 34 35
177 61 161
177 77 169
177 112 188
177 163 166
177 253 567
177 330 481
177 342 371
177 511 525
178 109 160
178 125 179
178 173 180
179 38 180
179 125 178
180 38 179
180 78 171
180 160 207
180 173 178
180 176 176
181 60 120
181 63 64
181 77 163
181 112 122
181 123 536
181 166 169
182 2 183
182 20 183
183 2 182
183 20 182
184 2 185
184 16 185
185 2 184
185 16 184
186 4 172
186 60 187
186 111 381
186 139 231
186 170 171
187 37 171
187 60 186
188 2 15
188 21 132
188 25 538
188 64 189
188 74 161
188 75 169
188 112 177
188 126 478
188 140 330
188 193 194
188 214 332
188 387 476
188 454 477
188 491 494
189 2 80
189 21 46
189 35 545
189 64 188
189 70 191
189 74 166
189 83 494
189 92 130
189 111 474
189 144 329
189 196 478
189 229 479
190 2 74
190 47 191
190 57 194
190 214 215
191 2 130
191 47 190
191 70 189
191 74 494
191 194 497
192 2 521
192 4 79
192 13 123
192 20 519
192 40 476
192 50 112
192 61 91
193 61 63
193 67 382
193 74 76
193 89 459
193 188 194
194 57 190
194 188 193
194 191 497
195 7 11
195 68 530
195 78 151
195 82 205
195 114 206
195 157 200
195 208 378
196 4 46
196 10 219
196 12 80
196 19 474
196 35 542
196 64 126
196 71 197
196 189 478
196 229 392
196 234 260
196 235 274
196 312 317
196 339 410
197 4 130
197 19 494
197 46 252
197 47 125
197 55 219
197 71 196
197 126 498
197 229 402
197 230 317
197 253 344
197 288 303
197 323 327
198 2 95
198 2 217
198 38 92
198 60 149
198 71 556
198 82 144
198 113 140
199 7 78
199 108 208
199 155 200
200 7 82
200 22 113
200 78 156
200 155 199
200 157 195
200 297 468
201 11 143
201 21 574
201 51 488
201 65 146
201 71 157
201 99 154
201 202 205
202 0 562
202 7 136
202 7 71
202 22 137
202 43 60
202 58 203
202 97 577
202 143 156
202 146 206
202 148 555
202 175 211
202 201 205
202 215 490
203 7 81
203 58 202
203 60 544
203 63 151
203 99 156
204 21 149
204 38 109
204 65 216
204 78 139
204 108 111
204 125 207
205 7 157
205 11 156
205 65 206
205 82 195
205 151 155
205 201 202
206 65 205
206 114 195
206 145 156
206 146 202
207 12 108
207 17 176
207 78 172
207 109 173
207 125 204
207 160 180
208 6 7
208 17 78
208 22 94
208 77 469
208 108 199
208 172 176
208 195 378
208 211 540
208 548 550
209 2 210
209 32 210
209 72 134
209 128 135
210 2 209
210 32 209
210 73 134
211 0 409
211 2 148
211 6 37
211 7 30
211 39 550
211 46 413
211 60 65
211 68 168
211 77 543
211 94 170
211 108 213
211 109 496
211 113 114
211 129 137
211 175 202
211 208 540
211 389 438
211 469 534
211 489 508
211 490 548
212 3 238
212 13 460
212 15 339
212 24 29
212 56 76
212 64 138
212 68 384
212 79 438
212 82 86
212 224 374
212 227 426
212 248 565
212 377 401
213 8 325
213 17 30
213 38 147
213 65 95
213 93 114
213 108 211
213 173 252
213 389 401
213 406 409
214 2 6
214 61 481
214 74 140
214 75 475
214 161 330
214 172 478
214 188 332
214 190 215
214 461 477
215 2 140
215 6 74
215 65 139
215 70 117
215 78 216
215 89 380
215 111 170
215 113 217
215 175 548
215 190 214
215 202 490
216 2 149
216 60 217
216 65 204
216 74 108
216 78 215
217 2 198
217 38 70
217 60 216
217 74 95
217 113 215
218 13 233
218 14 273
218 15 226
218 15 246
218 49 368
218 50 367
218 57 296
218 220 331
218 220 333
218 225 414
218 229 291
218 232 354
218 236 285
218 236 264
218 242 345
218 257 358
218 266 393
218 267 295
218 272 441
218 274 442
218 279 445
218 281 446
218 283 290
218 284 365
218 311 340
218 328 357
218 329 433
218 341 356
218 382 415
218 396 396
218 412 443
218 413 444
219 3 126
219 4 260
219 4 323
219 10 196
219 12 229
219 46 234
219 47 408
219 55 197
219 125 261
219 223 317
219 231 337
220 6 225
220 6 241
220 13 371
220 14 311
220 44 237
220 49 356
220 50 357
220 218 331
220 218 333
220 226 381
220 228 236
220 255 361
220 273 340
220 291 322
220 294 320
220 309 393
220 314 435
220 315 346
220 319 354
220 321 398
220 324 399
220 328 367
220 341 368
220 347 347
220 359 397
220 360 411
220 365 407
220 372 380
220 375 427
220 376 448
220 377 428
220 378 429
220 420 452
221 4 228
221 12 306
221 37 235
221 38 432
221 59 270
221 61 309
221 95 391
221 222 307
221 231 352
222 4 425
222 8 391
222 9 292
222 12 310
222 18 302
222 52 235
222 59 230
222 221 307
222 223 227
222 223 240
222 224 298
222 228 363
222 239 277
222 253 303
222 275 275
222 277 300
222 288 344
222 293 432
222 297 312
222 301 390
222 308 424
222 313 449
222 355 388
223 4 373
223 8 234
223 10 312
223 12 405
223 24 302
223 52 410
223 55 230
223 138 292
223 219 317
223 222 227
223 222 240
223 224 277
223 229 303
223 238 298
223 288 402
223 293 463
223 298 300
223 301 404
223 308 327
223 313 408
223 355 403
223 363 401
223 465 498
224 0 438
224 3 426
224 9 10
224 11 258
224 14 290
224 18 24
224 68 385
224 85 243
224 106 384
224 115 458
224 138 297
224 212 374
224 222 298
224 223 277
224 227 239
224 227 238
224 228 314
224 229 274
224 232 242
224 234 431
224 235 392
224 236 435
224 240 300
224 251 251
224 253 339
224 267 370
224 273 283
224 291 442
224 294 365
224 315 364
224 320 407
224 329 353
224 345 354
224 366 368
224 376 377
224 389 409
224 401 406
224 413 422
224 428 448
224 430 466
224 450 451
224 456 462
224 457 460
225 0 236
225 4 5
225 6 220
225 11 429
225 13 459
225 14 382
225 16 19
225 49 447
225 50 443
225 54 247
225 68 428
225 77 237
225 105 453
225 115 430
225 116 226
225 121 125
225 154 439
225 159 372
225 218 414
225 226 231
225 230 397
225 252 269
225 254 286
225 273 415
225 287 455
225 294 462
225 311 461
225 346 434
225 361 361
225 365 456
225 367 412
225 371 423
225 385 448
225 386 427
225 393 421
225 400 446
225 411 465
225 435 438
225 458 466
226 3 291
226 4 121
226 5 125
226 11 445
226 12 54
226 13 453
226 14 372
226 15 218
226 16 19
226 49 430
226 50 427
226 68 444
226 76 296
226 105 459
226 115 447
226 116 225
226 159 382
226 220 381
226 225 231
226 230 446
226 233 387
226 250 271
226 254 287
226 273 454
226 286 455
226 295 457
226 311 380
226 345 451
226 354 450
226 357 375
226 358 358
226 377 433
226 383 441
226 386 443
226 397 400
226 426 442
226 440 452
227 0 384
227 1 262
227 3 374
227 9 138
227 10 297
227 13 289
227 18 24
227 50 440
227 55 59
227 82 243
227 106 438
227 212 426
227 222 223
227 224 239
227 224 238
227 228 401
227 229 253
227 234 391
227 235 410
227 267 272
227 274 339
227 277 298
227 295 441
227 309 315
227 310 405
227 314 406
227 326 351
227 327 424
227 344 402
227 346 393
227 373 425
227 375 420
227 383 457
227 388 403
227 390 404
227 408 449
227 421 434
227 427 452
227 432 463
227 462 464
228 0 6
228 3 376
228 4 221
228 9 93
228 13 309
228 14 407
228 17 18
228 37 409
228 38 390
228 44 249
228 65 306
228 94 97
228 95 297
228 106 108
228 125 352
228 173 344
228 220 236
228 222 363
228 224 314
228 227 401
228 229 353
228 239 406
228 242 341
228 255 256
228 264 333
228 267 328
228 270 424
228 274 329
228 284 340
228 285 331
228 289 315
228 290 320
228 295 357
228 304 321
228 305 324
228 307 425
228 310 325
228 311 365
228 345 356
228 347 348
228 371 393
228 375 457
228 377 426
228 383 420
228 421 423
228 433 442
228 456 461
229 0 422
229 3 15
229 10 80
229 12 219
229 13 272
229 14 232
229 24 35
229 46 389
229 47 404
229 57 248
229 65 323
229 111 261
229 189 479
229 196 392
229 197 402
229 218 291
229 223 303
229 224 274
229 227 253
229 228 353
229 233 441
229 238 339
229 242 290
229 247 337
229 257 299
229 265 350
229 266 440
229 267 289
229 268 351
229 273 354
229 281 465
229 283 345
229 294 368
229 314 329
229 315 328
229 317 405
229 319 340
229 320 341
229 322 331
229 346 367
229 365 366
229 373 379
229 383 387
229 394 395
229 412 434
229 413 438
229 450 454
230 1 13
230 3 465
230 4 308
230 6 359
230 8 252
230 12 288
230 15 281
230 19 27
230 43 302
230 48 386
230 52 250
230 55 223
230 59 222
230 71 312
230 111 301
230 125 313
230 143 292
230 173 325
230 197 317
230 225 397
230 226 446
230 231 400
230 244 245
230 247 293
230 262 289
230 263 434
230 270 307
230 275 276
230 310 344
230 318 457
230 327 373
230 328 338
230 402 405
230 424 425
231 4 125
231 6 381
231 12 247
231 13 105
231 15 414
231 19 19
231 50 386
231 66 74
231 139 186
231 219 337
231 221 352
231 225 226
231 230 400
231 260 261
231 286 287
231 288 293
231 301 355
231 308 313
231 327 408
231 331 332
231 344 432
231 372 382
231 388 390
231 402 463
231 403 404
231 424 449
231 428 444
231 429 445
231 430 447
232 14 229
232 15 450
232 218 354
232 224 242
232 233 248
232 236 366
232 237 272
232 314 341
232 319 333
232 368 435
233 13 218
233 14 57
233 15 453
233 16 177
233 35 512
233 44 340
233 77 415
233 226 387
233 229 441
233 232 248
233 236 266
233 237 273
233 249 284
233 253 295
233 264 393
233 333 371
233 342 481
233 367 506
234 3 127
234 4 10
234 8 223
234 12 389
234 19 479
234 24 539
234 46 219
234 55 252
234 83 463
234 114 410
234 147 408
234 196 260
234 224 431
234 227 391
235 4 409
235 9 12
235 18 542
235 19 485
235 37 221
235 39 432
235 52 222
235 59 250
235 114 391
235 196 274
235 224 392
235 227 410
235 449 571
236 0 225
236 3 448
236 13 393
236 14 365
236 49 345
236 50 295
236 218 285
236 218 264
236 220 228
236 224 435
236 232 366
236 233 266
236 237 249
236 242 368
236 256 361
236 267 367
236 273 284
236 289 346
236 290 294
236 304 398
236 305 399
236 347 348
236 383 452
236 426 428
236 427 457
236 430 451
236 440 441
236 450 466
237 13 14
237 44 220
237 62 439
237 77 225
237 232 272
237 233 273
237 236 249
237 354 441
237 372 453
237 383 450
237 387 454
237 428 532
237 476 477
237 510 512
238 3 212
238 10 138
238 24 24
238 56 248
238 82 85
238 223 298
238 224 227
238 229 339
238 272 370
238 314 401
238 383 460
238 384 438
238 392 410
239 0 106
239 9 297
239 18 18
239 45 249
239 78 96
239 222 277
239 224 227
239 228 406
239 253 274
239 309 364
239 374 426
239 391 431
239 456 464
240 222 223
240 224 300
240 244 244
241 6 220
241 246 335
241 246 334
241 255 255
241 342 343
242 14 274
242 15 451
242 45 367
242 49 264
242 218 345
242 224 232
242 228 341
242 229 290
242 236 368
242 256 265
242 257 304
242 284 515
243 9 10
243 82 227
243 85 224
243 86 426
243 561 562
244 230 245
244 251 302
245 43 251
245 230 244
246 15 218
246 241 335
246 241 334
246 257 257
246 342 343
247 4 111
247 12 231
247 19 21
247 38 270
247 39 250
247 54 225
247 55 463
247 59 432
247 65 125
247 83 252
247 105 467
247 172 381
247 229 337
247 230 293
247 301 308
247 306 352
247 327 404
247 382 488
247 386 505
247 390 424
247 447 533
248 3 76
248 10 122
248 13 354
248 14 441
248 24 41
248 56 238
248 57 229
248 85 87
248 138 566
248 212 565
248 232 233
248 266 366
248 272 273
248 291 296
248 319 371
248 365 440
248 372 383
248 384 513
248 389 489
248 404 497
248 438 508
248 450 453
249 0 77
249 13 365
249 14 393
249 18 31
249 44 228
249 45 239
249 96 101
249 106 470
249 233 284
249 236 237
249 266 273
249 272 366
249 297 536
249 309 311
249 326 362
249 354 440
249 371 407
249 374 529
249 382 421
249 383 466
249 390 547
249 409 543
249 426 532
249 450 452
249 456 459
250 4 129
250 9 344
250 12 143
250 13 578
250 19 42
250 37 270
250 39 247
250 43 542
250 51 287
250 52 230
250 55 410
250 59 235
250 93 173
250 114 252
250 125 571
250 138 402
250 226 271
250 288 292
250 372 572
250 386 564
250 388 431
250 409 424
250 447 581
251 43 245
251 244 302
252 4 71
252 8 230
252 10 327
252 12 496
252 13 62
252 14 439
252 19 32
252 43 539
252 46 197
252 55 234
252 58 286
252 59 391
252 83 247
252 95 270
252 104 467
252 114 250
252 125 147
252 127 498
252 154 382
252 173 213
252 225 269
252 297 424
252 308 312
252 386 502
252 389 402
252 392 403
252 430 503
253 13 267
253 15 374
253 18 35
253 47 390
253 50 266
253 80 297
253 106 413
253 177 567
253 197 344
253 222 303
253 224 339
253 227 229
253 233 295
253 239 274
253 268 326
253 309 328
253 310 317
253 329 406
253 353 401
253 367 393
253 379 425
253 384 422
253 387 457
253 412 421
253 494 575
254 5 81
254 11 14
254 16 28
254 51 271
254 53 115
254 58 269
254 116 455
254 121 131
254 225 286
254 226 287
254 258 290
254 259 462
254 279 454
254 316 451
254 336 341
254 354 436
254 378 461
255 6 361
255 36 321
255 40 324
255 220 361
255 228 256
255 257 343
255 257 342
255 265 341
255 268 328
255 309 326
255 311 362
255 315 351
255 320 350
255 347 349
255 369 475
256 0 361
256 13 326
256 36 304
256 40 305
256 228 255
256 236 361
256 242 265
256 267 268
256 289 351
256 290 350
256 348 349
256 362 365
256 398 487
256 399 567
257 15 358
257 36 265
257 40 268
257 169 362
257 218 358
257 229 299
257 242 304
257 255 343
257 255 342
257 267 305
257 273 369
257 321 341
257 324 328
257 367 399
257 368 398
257 394 396
258 0 259
258 3 316
258 11 224
258 53 385
258 254 290
258 336 353
259 0 258
259 3 53
259 11 438
259 24 151
259 28 528
259 254 462
259 286 294
259 314 378
259 429 435
260 4 219
260 66 323
260 196 234
260 231 261
261 4 337
261 47 55
261 74 323
261 111 229
261 125 219
261 231 260
261 474 479
261 549 559
262 0 263
262 1 227
262 3 318
262 230 289
263 0 262
263 1 384
263 3 48
263 24 495
263 27 527
263 230 434
263 315 359
263 318 385
263 346 397
264 14 284
264 49 242
264 218 236
264 228 333
264 233 393
264 295 367
265 36 257
265 229 350
265 242 256
265 255 341
265 268 470
265 321 343
265 361 368
265 362 413
265 396 417
266 13 285
266 50 253
266 57 365
266 218 393
266 229 440
266 233 236
266 248 366
266 249 273
266 267 506
266 309 331
266 414 421
267 0 412
267 13 253
267 15 457
267 45 368
267 48 282
267 50 285
267 56 283
267 218 295
267 224 370
267 227 272
267 228 328
267 229 289
267 236 367
267 256 268
267 257 305
267 266 506
267 281 318
267 315 353
267 329 364
267 422 434
268 40 257
268 229 351
268 253 326
268 255 328
268 256 267
268 265 470
268 324 342
268 361 412
268 361 367
268 396 419
269 5 71
269 8 397
269 14 154
269 16 32
269 22 560
269 54 83
269 58 254
269 62 459
269 70 84
269 92 480
269 115 503
269 121 147
269 225 252
269 271 579
269 427 502
270 19 556
270 37 250
270 38 247
270 59 221
270 65 173
270 95 252
270 228 424
270 230 307
270 306 344
270 308 363
270 327 401
271 5 571
271 14 572
271 16 42
271 22 551
271 51 254
271 52 446
271 54 143
271 115 581
271 121 129
271 226 250
271 269 579
271 443 564
271 453 578
272 13 229
272 15 383
272 218 441
272 227 267
272 232 237
272 238 370
272 248 273
272 249 366
272 285 440
272 309 353
272 328 401
272 384 412
272 421 422
273 13 57
273 14 218
273 15 372
273 19 169
273 35 510
273 56 370
273 220 340
273 224 283
273 225 415
273 226 454
273 229 354
273 233 237
273 236 284
273 248 272
273 249 266
273 257 369
273 274 345
273 279 287
273 285 365
273 311 331
273 329 356
273 343 475
273 368 515
273 382 414
273 412 513
273 413 447
274 0 413
274 9 80
274 14 242
274 15 426
274 18 35
274 46 409
274 49 284
274 53 280
274 169 487
274 196 235
274 218 442
274 224 229
274 227 339
274 228 329
274 239 253
274 273 345
274 277 303
274 279 316
274 289 370
274 328 364
274 341 407
274 365 368
274 451 454
274 474 485
275 18 278
275 59 276
275 230 276
275 278 302
276 43 278
276 59 275
276 230 275
277 8 431
277 9 312
277 18 302
277 222 239
277 222 300
277 223 224
277 227 298
277 274 303
277 278 278
277 292 297
277 363 406
278 18 275
278 43 276
278 275 302
279 0 280
279 11 15
279 28 169
279 35 530
279 53 413
279 132 145
279 133 161
279 218 445
279 254 454
279 273 287
279 274 316
279 332 378
279 415 455
280 0 279
280 53 274
280 284 455
281 0 282
281 15 230
281 48 412
281 126 288
281 218 446
281 229 465
281 267 318
281 303 498
281 330 359
281 400 414
282 0 281
282 48 267
282 285 400
282 353 360
282 422 465
283 56 267
283 218 290
283 224 273
283 229 345
283 285 294
283 353 356
283 366 515
283 422 447
284 0 415
284 14 264
284 49 274
284 57 393
284 218 365
284 228 340
284 233 249
284 236 273
284 242 515
284 280 455
284 333 407
285 0 414
285 13 266
285 50 267
285 218 236
285 228 331
285 272 440
285 273 365
285 282 400
285 283 294
285 322 353
285 345 368
285 354 366
286 4 81
286 11 382
286 14 429
286 19 28
286 53 430
286 58 252
286 125 131
286 151 473
286 225 254
286 226 455
286 231 287
286 259 294
286 311 378
286 437 450
286 539 544
287 4 131
287 11 372
287 14 445
287 19 28
287 51 250
287 53 447
287 81 125
287 225 455
287 226 254
287 231 286
287 273 279
287 316 345
287 510 530
287 518 542
288 4 355
288 12 230
288 65 308
288 125 301
288 126 281
288 160 359
288 173 363
288 197 303
288 222 344
288 223 402
288 231 293
288 250 292
288 373 403
288 388 425
289 0 434
289 3 457
289 13 227
289 45 294
289 56 345
289 228 315
289 229 267
289 230 262
289 236 346
289 256 351
289 274 370
289 291 295
289 299 305
289 314 364
289 318 465
289 426 460
289 440 506
290 0 462
290 3 451
290 14 224
290 45 346
290 56 295
290 115 385
290 218 283
290 228 320
290 229 242
290 236 294
290 254 258
290 256 350
290 291 345
290 299 304
290 341 353
290 384 464
290 430 448
291 3 226
291 11 436
291 13 441
291 14 354
291 49 294
291 50 346
291 218 229
291 220 322
291 224 442
291 248 296
291 289 295
291 290 345
291 299 358
291 311 319
291 314 433
291 315 357
291 320 356
291 393 440
291 400 411
291 434 443
291 438 444
291 446 465
291 447 462
292 9 222
292 10 298
292 12 52
292 22 302
292 82 312
292 93 363
292 138 223
292 143 230
292 250 288
292 277 297
292 300 312
292 301 571
292 425 431
292 483 568
292 539 541
293 4 301
293 8 83
293 12 400
293 21 27
293 33 541
293 38 307
293 39 52
293 47 379
293 48 505
293 54 397
293 65 313
293 222 432
293 223 463
293 230 247
293 231 288
293 373 404
293 390 425
294 3 430
294 14 435
294 19 528
294 24 473
294 45 289
294 49 291
294 50 56
294 220 320
294 224 365
294 225 462
294 229 368
294 236 290
294 259 286
294 283 285
294 299 398
294 311 314
294 322 356
294 350 361
294 354 515
294 382 438
294 434 470
294 460 529
295 0 443
295 16 567
295 18 512
295 45 49
295 50 236
295 56 290
295 218 267
295 226 457
295 227 441
295 228 357
295 233 253
295 264 367
295 289 291
295 305 358
295 318 446
295 364 433
295 374 453
295 393 506
295 451 565
295 464 508
296 13 14
296 57 218
296 76 226
296 248 291
296 309 407
296 311 371
296 365 393
296 382 459
296 421 456
296 423 461
296 444 508
296 472 473
296 483 484
297 0 113
297 4 391
297 8 425
297 9 239
297 9 82
297 10 227
297 18 22
297 59 71
297 60 106
297 64 374
297 78 97
297 80 253
297 83 390
297 92 575
297 93 406
297 95 228
297 100 310
297 114 409
297 138 224
297 200 468
297 222 312
297 249 536
297 252 424
297 277 292
298 10 292
298 24 302
298 52 392
298 138 312
298 222 224
298 223 238
298 223 300
298 227 277
298 303 339
298 314 363
299 3 358
299 36 350
299 40 351
299 229 257
299 289 305
299 290 304
299 291 358
299 294 398
299 315 324
299 320 321
299 346 399
299 354 369
299 395 396
300 222 277
300 223 298
300 224 240
300 292 312
300 302 302
301 4 293
301 12 313
301 27 478
301 33 302
301 38 363
301 47 303
301 83 312
301 111 230
301 125 288
301 222 390
301 223 404
301 231 355
301 247 308
301 292 571
302 4 541
302 8 539
302 12 537
302 17 363
302 18 222
302 18 277
302 22 292
302 22 312
302 24 298
302 24 223
302 33 301
302 35 303
302 43 230
302 52 542
302 244 251
302 275 278
303 4 379
303 12 317
303 35 302
303 47 301
303 80 312
303 197 288
303 222 253
303 223 229
303 274 277
303 281 498
303 298 339
304 36 256
304 45 399
304 228 321
304 236 398
304 242 257
304 290 299
304 305 565
304 345 358
304 358 451
304 361 487
304 369 426
305 40 256
305 45 398
305 228 324
305 236 399
305 257 267
305 289 299
305 295 358
305 304 565
305 358 457
305 361 567
306 0 170
306 9 37
306 12 221
306 65 228
306 247 352
306 270 344
306 307 310
306 323 353
306 468 540
306 556 575
307 4 363
307 8 95
307 17 541
307 27 556
307 37 52
307 38 293
307 65 325
307 221 222
307 228 425
307 230 270
307 306 310
307 373 401
308 4 230
308 12 355
308 65 288
308 222 424
308 223 327
308 231 313
308 247 301
308 252 312
308 270 363
308 310 388
308 403 405
309 3 420
309 6 421
309 13 228
309 61 221
309 220 393
309 227 315
309 239 364
309 249 311
309 253 328
309 255 326
309 266 331
309 272 353
309 296 407
309 322 440
309 374 375
309 376 383
310 9 52
310 12 222
310 18 537
310 27 575
310 65 425
310 100 297
310 227 405
310 228 325
310 230 344
310 253 317
310 306 307
310 308 388
310 313 390
310 400 432
311 6 382
311 13 44
311 14 220
311 17 473
311 19 475
311 45 364
311 49 433
311 169 343
311 218 340
311 225 461
311 226 380
311 228 365
311 249 309
311 255 362
311 273 331
311 286 378
311 291 319
311 294 314
311 296 371
311 322 354
311 329 368
311 353 366
311 356 515
311 372 381
311 375 529
311 376 466
311 377 430
312 4 8
312 9 277
312 10 223
312 12 100
312 13 119
312 22 302
312 71 230
312 80 303
312 82 292
312 83 301
312 95 363
312 138 298
312 196 317
312 222 297
312 252 308
312 292 300
312 392 405
312 476 486
312 537 542
313 1 112
313 2 27
313 4 400
313 5 446
313 8 147
313 12 301
313 33 537
313 38 325
313 47 317
313 48 507
313 52 571
313 65 293
313 83 100
313 121 397
313 125 230
313 222 449
313 223 408
313 231 308
313 310 390
313 404 405
314 3 377
314 6 438
314 10 93
314 14 320
314 17 24
314 37 389
314 49 319
314 95 138
314 108 384
314 144 479
314 220 435
314 224 228
314 227 406
314 229 329
314 232 341
314 238 401
314 259 378
314 289 364
314 291 433
314 294 311
314 298 363
314 328 370
314 354 356
314 375 460
314 461 462
314 475 528
315 3 375
315 6 434
315 13 401
315 48 360
315 50 322
315 56 356
315 220 346
315 224 364
315 227 309
315 228 289
315 229 328
315 255 351
315 263 359
315 267 353
315 291 357
315 299 324
315 329 370
315 376 457
315 377 460
316 0 53
316 3 258
316 11 426
316 18 530
316 28 487
316 254 451
316 274 279
316 287 345
316 442 445
317 8 46
317 12 303
317 27 494
317 35 537
317 47 313
317 65 379
317 80 100
317 196 312
317 197 230
317 219 223
317 229 405
317 253 310
317 323 373
318 0 48
318 1 374
318 3 262
318 18 501
318 27 567
318 230 457
318 263 385
318 267 281
318 289 465
318 295 446
319 3 380
319 44 441
319 49 314
319 220 354
319 229 340
319 232 333
319 248 371
319 291 311
319 320 515
320 6 462
320 14 314
320 56 357
320 220 294
320 224 407
320 228 290
320 229 341
320 255 350
320 291 356
320 299 321
320 319 515
321 36 255
321 220 398
321 228 304
321 257 341
321 265 343
321 299 320
321 324 565
321 356 358
321 369 377
322 3 381
322 50 315
322 220 291
322 229 331
322 285 353
322 294 356
322 309 440
322 311 354
322 360 400
322 433 435
323 3 132
323 4 219
323 10 46
323 55 130
323 65 229
323 66 260
323 74 261
323 125 337
323 197 327
323 306 353
323 317 373
323 493 494
323 531 538
324 40 255
324 220 399
324 228 305
324 257 328
324 268 342
324 299 315
324 321 565
324 357 358
324 358 375
325 8 213
325 12 363
325 17 537
325 38 313
325 52 93
325 65 307
325 95 100
325 173 230
325 228 310
325 401 405
326 13 256
326 227 351
326 249 362
326 253 268
326 255 309
326 361 393
326 361 421
327 4 55
327 10 252
327 12 403
327 19 493
327 47 337
327 65 402
327 197 323
327 223 308
327 227 424
327 230 373
327 231 408
327 247 404
327 270 401
327 392 496
327 539 561
328 6 412
328 15 375
328 40 343
328 50 331
328 218 357
328 220 367
328 228 267
328 229 315
328 230 338
328 253 309
328 255 268
328 257 324
328 272 401
328 274 364
328 314 370
328 332 386
329 6 413
329 11 336
329 14 341
329 15 377
329 17 35
329 37 46
329 49 340
329 68 330
329 80 93
329 144 189
329 218 433
329 224 353
329 228 274
329 229 314
329 253 406
329 267 364
329 273 356
329 311 368
329 315 370
329 339 401
329 342 523
330 6 15
330 16 342
330 53 336
330 68 329
330 115 341
330 116 333
330 126 160
330 132 170
330 140 188
330 159 340
330 161 214
330 177 481
330 281 359
330 333 334
330 353 385
330 375 412
330 381 414
330 387 423
330 538 540
331 6 414
331 15 381
331 19 343
331 50 328
331 218 220
331 228 285
331 229 322
331 231 332
331 266 309
331 273 311
331 332 335
331 356 368
332 6 15
332 19 343
332 48 338
332 126 172
332 140 161
332 169 475
332 188 214
332 231 331
332 279 378
332 328 386
332 331 335
332 376 422
332 377 413
332 380 415
332 454 461
332 548 549
333 14 340
333 16 342
333 49 341
333 116 330
333 218 220
333 228 264
333 232 319
333 233 371
333 284 407
333 330 334
333 357 367
334 241 246
334 330 333
334 342 342
335 241 246
335 331 332
335 343 343
336 11 329
336 53 330
336 254 341
336 258 353
337 4 261
337 47 327
337 125 323
337 219 231
337 229 247
338 48 332
338 230 328
339 13 370
339 15 212
339 24 35
339 56 57
339 80 138
339 196 410
339 224 253
339 227 274
339 229 238
339 298 303
339 329 401
339 384 413
339 387 460
340 6 415
340 14 333
340 15 380
340 23 342
340 44 233
340 49 329
340 57 371
340 159 330
340 218 311
340 220 273
340 228 284
340 229 319
340 341 515
341 14 329
341 36 342
341 49 333
341 115 330
341 218 356
341 220 368
341 228 242
341 229 320
341 232 314
341 254 336
341 255 265
341 257 321
341 274 407
341 290 353
341 340 515
342 16 333
342 16 330
342 23 340
342 36 341
342 177 371
342 233 481
342 241 343
342 246 343
342 255 257
342 268 324
342 329 523
343 19 331
343 19 332
343 40 328
343 169 311
343 241 342
343 246 342
343 255 257
343 265 321
343 273 475
344 4 388
344 9 250
344 12 59
344 19 575
344 38 352
344 65 424
344 125 390
344 129 431
344 173 228
344 176 577
344 197 253
344 222 288
344 227 402
344 230 310
344 231 432
344 270 306
344 542 562
345 0 447
345 14 442
345 18 510
345 19 487
345 45 50
345 49 236
345 56 289
345 218 242
345 224 354
345 226 451
345 228 356
345 229 283
345 273 274
345 285 368
345 287 316
345 290 291
345 304 358
345 365 515
345 372 426
345 457 565
346 3 427
346 16 527
346 24 472
346 45 290
346 48 411
346 49 56
346 50 291
346 220 315
346 225 434
346 227 393
346 229 367
346 236 289
346 263 397
346 299 399
346 351 361
346 371 401
346 384 459
346 428 460
346 441 506
346 448 457
346 462 470
347 228 348
347 236 348
347 255 349
347 349 361
348 228 347
348 236 347
348 256 349
349 255 347
349 256 348
349 347 361
350 36 299
350 229 265
350 255 320
350 256 290
350 294 361
350 351 470
350 358 528
350 361 462
350 362 438
351 40 299
351 227 326
351 229 268
351 255 315
351 256 289
351 346 361
351 350 470
351 358 527
351 361 434
352 38 344
352 125 228
352 221 231
352 247 306
353 6 422
353 15 376
353 224 329
353 228 229
353 253 401
353 258 336
353 267 315
353 272 309
353 282 360
353 283 356
353 285 322
353 290 341
353 306 323
353 311 366
353 330 385
354 3 372
354 13 248
354 14 291
354 24 510
354 49 435
354 218 232
354 220 319
354 224 345
354 226 450
354 229 273
354 237 441
354 249 440
354 254 436
354 285 366
354 294 515
354 299 369
354 311 322
354 314 356
354 434 513
354 437 455
354 438 447
354 460 565
355 4 288
355 12 308
355 222 388
355 223 403
355 231 301
356 6 447
356 14 433
356 17 510
356 49 220
356 56 315
356 218 341
356 228 345
356 273 329
356 283 353
356 291 320
356 294 322
356 311 515
356 314 354
356 321 358
356 331 368
356 372 377
356 375 565
356 381 430
356 407 442
357 6 443
357 17 512
357 50 220
357 56 320
357 218 328
357 226 375
357 228 295
357 291 315
357 324 358
357 333 367
357 364 442
357 371 506
357 380 529
357 401 441
358 3 299
358 14 369
358 15 257
358 16 361
358 19 361
358 23 362
358 49 398
358 50 399
358 218 257
358 291 299
358 295 305
358 304 345
358 304 451
358 305 457
358 321 356
358 324 375
358 324 357
358 350 528
358 351 527
358 369 372
358 394 396
358 398 430
358 399 427
359 3 360
359 6 230
359 48 375
359 160 288
359 220 397
359 263 315
359 281 330
359 381 400
360 3 359
360 6 465
360 48 315
360 220 411
360 282 353
360 322 400
361 0 256
361 6 255
361 14 362
361 16 358
361 19 358
361 23 369
361 36 398
361 40 399
361 220 255
361 236 256
361 265 368
361 268 412
361 268 367
361 294 350
361 304 487
361 305 567
361 326 393
361 326 421
361 346 351
361 347 349
361 350 462
361 351 434
361 362 382
361 396 418
362 14 361
362 19 369
362 23 358
362 169 257
362 249 326
362 255 311
362 256 365
362 265 413
362 350 438
362 361 382
362 398 523
362 416 417
363 4 307
363 12 325
363 17 302
363 38 301
363 93 292
363 95 312
363 173 288
363 222 228
363 223 401
363 270 308
363 277 406
363 298 314
364 13 406
364 45 311
364 224 315
364 239 309
364 267 329
364 274 328
364 289 314
364 295 433
364 357 442
364 375 426
364 377 457
365 0 382
365 3 466
365 13 249
365 14 236
365 18 473
365 49 442
365 57 266
365 218 284
365 220 407
365 224 294
365 225 456
365 228 311
365 229 366
365 248 440
365 256 362
365 273 285
365 274 368
365 296 393
365 345 515
365 426 430
365 457 529
366 15 466
366 224 368
366 229 365
366 232 236
366 248 266
366 249 272
366 283 515
366 285 354
366 311 353
366 382 422
367 15 427
367 35 472
367 45 242
367 50 218
367 220 328
367 225 412
367 229 346
367 233 506
367 236 267
367 253 393
367 257 399
367 264 295
367 268 361
367 333 357
367 370 435
367 415 513
368 15 430
368 35 473
368 45 267
368 49 218
368 220 341
368 224 366
368 229 294
368 232 435
368 236 242
368 257 398
368 265 361
368 273 515
368 274 365
368 285 345
368 311 329
368 331 356
368 382 413
368 412 470
368 414 447
368 417 418
369 14 358
369 19 362
369 23 361
369 255 475
369 257 273
369 299 354
369 304 426
369 321 377
369 358 372
369 398 428
369 398 515
369 399 529
370 13 339
370 15 460
370 56 273
370 224 267
370 238 272
370 274 289
370 314 328
370 315 329
370 367 435
370 412 438
370 413 434
371 6 459
371 13 220
371 14 44
371 16 481
371 17 472
371 57 340
371 76 380
371 177 342
371 225 423
371 228 393
371 233 333
371 248 319
371 249 407
371 296 311
371 346 401
371 357 506
372 3 354
372 4 75
372 11 287
372 12 488
372 13 76
372 14 226
372 15 273
372 19 23
372 29 510
372 49 428
372 50 529
372 56 460
372 57 387
372 63 125
372 68 447
372 77 105
372 159 225
372 220 380
372 231 382
372 237 453
372 248 383
372 250 572
372 311 381
372 345 426
372 356 377
372 358 369
372 386 513
372 429 455
372 430 515
373 4 223
373 8 10
373 24 541
373 27 493
373 65 405
373 227 425
373 229 379
373 230 327
373 288 403
373 293 404
373 307 401
373 317 323
373 400 408
374 0 79
374 1 318
374 3 227
374 13 457
374 15 253
374 18 29
374 20 567
374 45 532
374 59 498
374 64 297
374 68 106
374 115 464
374 127 391
374 212 224
374 239 426
374 249 529
374 295 453
374 309 375
374 376 401
374 377 406
374 384 385
374 386 421
374 390 491
374 393 427
375 3 315
375 6 386
375 15 328
375 48 359
375 50 381
375 220 427
375 226 357
375 227 420
375 228 457
375 309 374
375 311 529
375 314 460
375 324 358
375 330 412
375 356 565
375 364 426
375 383 401
376 3 228
376 6 385
376 15 353
376 220 448
376 224 377
376 309 383
376 311 466
376 315 457
376 332 422
376 374 401
376 458 461
377 3 314
377 6 68
377 15 329
377 17 29
377 36 475
377 37 168
377 44 532
377 49 380
377 53 378
377 64 93
377 79 108
377 115 461
377 212 401
377 220 428
377 224 376
377 226 433
377 228 426
377 311 430
377 315 460
377 321 369
377 332 413
377 356 372
377 364 457
377 374 406
378 6 11
378 17 151
378 28 475
378 53 377
378 133 140
378 195 208
378 220 429
378 254 461
378 259 314
378 279 332
378 286 311
378 380 455
379 4 303
379 8 80
379 35 541
379 47 293
379 65 317
379 229 373
379 253 425
380 3 319
380 6 159
380 15 340
380 16 475
380 44 453
380 49 377
380 76 371
380 89 215
380 116 461
380 220 372
380 226 311
380 332 415
380 357 529
380 378 455
381 3 322
381 6 231
381 15 331
381 50 375
381 111 186
381 172 247
381 220 226
381 311 372
381 330 414
381 356 430
381 359 400
381 420 440
381 428 433
382 0 365
382 4 63
382 6 311
382 7 473
382 11 286
382 13 77
382 14 225
382 19 23
382 44 423
382 49 444
382 50 513
382 67 193
382 68 430
382 75 125
382 76 105
382 154 252
382 159 226
382 218 415
382 231 372
382 247 488
382 249 421
382 273 414
382 294 438
382 296 459
382 361 362
382 366 422
382 368 413
382 385 466
382 386 529
382 445 455
382 447 515
383 3 13
383 15 272
383 226 441
383 227 457
383 228 420
383 229 387
383 236 452
383 237 450
383 238 460
383 248 372
383 249 466
383 309 376
383 375 401
383 384 386
383 385 421
383 393 448
384 0 227
384 1 263
384 3 79
384 6 401
384 7 24
384 10 113
384 13 434
384 20 527
384 55 137
384 56 508
384 60 138
384 68 212
384 78 438
384 106 224
384 108 314
384 238 438
384 248 513
384 253 422
384 272 412
384 290 464
384 339 413
384 346 459
384 374 385
384 383 386
384 404 550
384 441 443
385 0 3
385 6 376
385 14 458
385 15 422
385 53 258
385 68 224
385 115 290
385 225 448
385 263 318
385 330 353
385 374 384
385 382 466
385 383 421
385 434 457
385 468 531
385 527 567
386 0 457
386 3 434
386 4 123
386 6 375
386 13 79
386 15 412
386 19 40
386 48 230
386 50 231
386 66 91
386 105 506
386 125 507
386 225 427
386 226 443
386 247 505
386 250 564
386 252 502
386 328 332
386 372 513
386 374 421
386 382 529
386 383 384
386 430 470
386 438 460
386 447 565
387 13 15
387 19 177
387 57 372
387 126 467
387 188 476
387 226 233
387 229 383
387 237 454
387 253 457
387 330 423
387 339 460
387 510 511
388 4 344
388 12 424
388 222 355
388 227 403
388 231 390
388 250 431
388 288 425
388 308 310
389 3 168
389 4 392
389 8 405
389 10 65
389 12 234
389 21 479
389 24 30
389 37 314
389 46 229
389 55 496
389 114 138
389 147 404
389 211 438
389 213 401
389 224 409
389 248 489
389 252 402
390 0 550
390 2 575
390 4 432
390 9 571
390 12 449
390 18 33
390 38 228
390 39 409
390 47 253
390 59 111
390 83 297
390 125 344
390 222 301
390 227 404
390 231 388
390 247 424
390 249 547
390 293 425
390 310 313
390 374 491
391 4 297
391 8 222
391 18 539
391 59 252
391 83 432
391 95 221
391 114 235
391 127 374
391 147 449
391 227 234
391 239 431
392 4 389
392 10 12
392 24 542
392 52 298
392 71 402
392 196 229
392 224 235
392 238 410
392 252 403
392 312 405
392 327 496
392 478 479
393 0 459
393 3 452
393 13 236
393 14 249
393 18 472
393 57 284
393 218 266
393 220 309
393 225 421
393 227 346
393 228 371
393 233 264
393 253 367
393 291 440
393 295 506
393 296 365
393 326 361
393 374 427
393 383 448
393 451 532
393 464 470
394 3 395
394 19 418
394 36 417
394 40 419
394 229 395
394 257 396
394 358 396
395 3 394
395 229 394
395 299 396
395 417 528
395 419 527
396 257 394
396 265 417
396 268 419
396 299 395
396 358 394
396 361 418
396 413 416
396 416 444
397 1 459
397 3 411
397 8 269
397 16 27
397 48 427
397 54 293
397 116 446
397 121 313
397 220 359
397 225 230
397 226 400
397 263 346
397 472 495
397 541 560
398 36 361
398 45 305
398 49 358
398 220 321
398 236 304
398 256 487
398 257 368
398 294 299
398 358 430
398 362 523
398 369 428
398 369 515
398 399 565
399 40 361
399 45 304
399 50 358
399 220 324
399 236 305
399 256 567
399 257 367
399 299 346
399 358 427
399 369 529
399 398 565
400 1 105
400 4 313
400 12 293
400 19 27
400 48 50
400 225 446
400 226 397
400 230 231
400 281 414
400 282 285
400 291 411
400 310 432
400 322 360
400 359 381
400 373 408
400 405 463
400 425 449
401 6 384
401 10 95
401 13 315
401 17 24
401 38 404
401 93 138
401 108 438
401 173 402
401 212 377
401 213 389
401 223 363
401 224 406
401 227 228
401 238 314
401 253 353
401 270 327
401 272 328
401 307 373
401 325 405
401 329 339
401 346 371
401 357 441
401 374 376
401 375 383
401 423 434
401 481 527
401 493 556
402 4 403
402 12 55
402 65 327
402 71 392
402 125 404
402 138 250
402 173 401
402 197 229
402 223 288
402 227 344
402 230 405
402 231 463
402 252 389
403 4 402
403 12 327
403 223 355
403 227 388
403 231 404
403 252 392
403 288 373
403 308 405
404 3 491
404 4 463
404 10 83
404 12 408
404 21 493
404 24 33
404 38 401
404 47 229
404 55 111
404 125 402
404 138 571
404 147 389
404 223 301
404 227 390
404 231 403
404 247 327
404 248 497
404 293 373
404 313 405
404 384 550
405 8 389
405 10 100
405 12 223
405 24 537
405 52 138
405 65 373
405 227 310
405 229 317
405 230 402
405 308 403
405 312 392
405 313 404
405 325 401
405 400 463
406 0 108
406 6 106
406 9 95
406 13 364
406 17 18
406 44 45
406 93 297
406 213 409
406 224 401
406 227 314
406 228 239
406 253 329
406 277 363
406 374 377
406 461 464
407 6 456
407 14 228
407 220 365
407 224 320
407 249 371
407 274 341
407 284 333
407 296 309
407 356 442
408 12 404
408 19 493
408 47 219
408 55 125
408 65 463
408 147 234
408 223 313
408 227 449
408 231 327
408 373 400
408 410 571
409 0 211
409 2 485
409 4 235
409 9 65
409 12 431
409 18 30
409 37 228
409 39 390
409 46 274
409 52 425
409 59 129
409 114 297
409 168 426
409 175 562
409 213 406
409 224 389
409 249 543
409 250 424
410 12 138
410 24 542
410 39 463
410 52 223
410 55 250
410 114 234
410 196 339
410 227 235
410 238 392
410 408 571
411 3 397
411 48 346
411 220 360
411 225 465
411 291 400
412 0 267
412 6 328
412 15 386
412 48 281
412 50 414
412 218 443
412 225 367
412 229 434
412 253 421
412 268 361
412 272 384
412 273 513
412 330 375
412 368 470
412 370 438
412 418 419
413 0 274
413 6 329
413 7 35
413 15 68
413 36 169
413 46 211
413 49 415
413 53 279
413 57 508
413 60 80
413 106 253
413 115 454
413 148 474
413 218 444
413 224 422
413 229 438
413 265 362
413 273 447
413 332 377
413 339 384
413 368 382
413 370 434
413 396 416
414 0 285
414 6 331
414 15 231
414 50 412
414 218 225
414 266 421
414 273 382
414 281 400
414 330 381
414 368 447
414 418 418
415 0 284
415 6 340
415 15 159
415 16 169
415 49 413
415 57 459
415 77 233
415 116 454
415 218 382
415 225 273
415 279 455
415 332 380
415 367 513
416 362 417
416 396 413
416 396 444
417 36 394
417 265 396
417 362 416
417 368 418
417 395 528
417 418 447
417 419 470
418 19 394
418 50 419
418 361 396
418 368 417
418 412 419
418 417 447
419 40 394
419 50 418
419 268 396
419 395 527
419 412 418
419 417 470
420 3 309
420 220 452
420 227 375
420 228 383
420 381 440
421 0 13
421 6 309
421 225 393
421 227 434
421 228 423
421 249 382
421 253 412
421 266 414
421 272 422
421 296 456
421 326 361
421 374 386
421 383 385
422 0 229
422 6 353
422 15 385
422 224 413
422 253 384
422 267 434
422 272 421
422 282 465
422 283 447
422 332 376
422 366 382
422 454 458
423 6 13
423 19 481
423 44 382
423 140 476
423 160 467
423 225 371
423 228 421
423 296 461
423 330 387
423 401 434
423 469 473
424 4 59
424 12 388
424 65 344
424 143 431
424 222 308
424 227 327
424 228 270
424 230 425
424 231 449
424 247 390
424 250 409
424 252 297
425 4 222
425 8 297
425 18 541
425 52 409
425 65 310
425 227 373
425 228 307
425 230 424
425 253 379
425 288 388
425 292 431
425 293 390
425 400 449
426 0 68
426 3 224
426 9 64
426 11 316
426 14 451
426 15 274
426 18 29
426 23 487
426 45 529
426 79 106
426 86 243
426 115 456
426 127 431
426 168 409
426 212 227
426 226 442
426 228 377
426 236 428
426 239 374
426 249 532
426 289 460
426 304 369
426 345 372
426 364 375
426 365 430
427 3 346
427 5 123
427 14 529
427 15 367
427 16 40
427 29 472
427 45 451
427 48 397
427 49 565
427 50 226
427 54 505
427 79 459
427 115 470
427 116 443
427 121 507
427 159 513
427 220 375
427 225 386
427 227 452
427 236 457
427 269 502
427 358 399
427 374 393
427 435 460
427 453 506
428 3 435
428 4 124
428 14 430
428 19 523
428 49 372
428 53 429
428 68 225
428 220 377
428 224 448
428 231 444
428 236 426
428 237 532
428 346 460
428 369 398
428 381 433
428 439 503
429 3 437
429 11 225
429 14 286
429 53 428
429 58 439
429 220 378
429 231 445
429 259 435
429 372 455
430 3 294
430 4 120
430 12 533
430 13 532
430 14 428
430 15 368
430 19 36
430 29 473
430 45 457
430 49 226
430 50 565
430 53 286
430 68 382
430 105 508
430 115 225
430 125 514
430 224 466
430 231 447
430 236 451
430 252 503
430 290 448
430 311 377
430 356 381
430 358 398
430 365 426
430 372 515
430 386 470
430 435 450
431 4 9
431 8 277
431 12 409
431 18 539
431 127 426
431 129 344
431 143 424
431 224 234
431 239 391
431 250 388
431 292 425
431 478 485
432 4 390
432 19 575
432 38 221
432 39 235
432 59 247
432 65 449
432 83 391
432 222 293
432 227 463
432 231 344
432 310 400
433 6 444
433 14 356
433 49 311
433 218 329
433 226 377
433 228 442
433 291 314
433 295 364
433 322 435
433 381 428
433 447 461
434 0 289
434 3 386
434 6 315
434 13 384
434 19 527
434 48 465
434 56 447
434 68 460
434 225 346
434 227 421
434 229 412
434 230 263
434 267 422
434 291 443
434 294 470
434 351 361
434 354 513
434 370 413
434 385 457
434 401 423
435 3 428
435 14 294
435 49 354
435 53 437
435 220 314
435 224 236
435 225 438
435 232 368
435 259 429
435 322 433
435 367 370
435 427 460
435 430 450
436 11 291
436 116 437
436 254 354
437 3 429
437 53 435
437 116 436
437 286 450
437 354 455
438 0 224
438 3 68
438 6 314
438 7 24
438 10 60
438 11 259
438 14 462
438 23 528
438 55 109
438 56 513
438 78 384
438 79 212
438 106 227
438 108 401
438 113 138
438 115 450
438 211 389
438 225 435
438 229 413
438 238 384
438 248 508
438 291 444
438 294 382
438 350 362
438 354 447
438 370 412
438 386 460
439 14 252
439 58 429
439 62 237
439 154 225
439 428 503
440 50 227
440 226 452
440 229 266
440 236 441
440 248 365
440 249 354
440 272 285
440 289 506
440 291 393
440 309 322
440 381 420
441 3 453
441 13 291
441 14 248
441 24 512
441 44 319
441 218 272
441 226 383
441 227 295
441 229 233
441 236 440
441 237 354
441 346 506
441 357 401
441 384 443
441 462 508
442 0 444
442 14 345
442 49 365
442 218 274
442 224 291
442 226 426
442 228 433
442 316 445
442 356 407
442 357 364
442 447 456
443 0 295
443 5 507
443 6 357
443 7 512
443 14 513
443 16 40
443 48 446
443 49 470
443 50 225
443 56 462
443 79 453
443 115 565
443 116 427
443 121 123
443 159 529
443 218 412
443 226 386
443 271 564
443 291 434
443 384 441
443 459 506
444 0 442
444 6 433
444 14 447
444 19 523
444 49 382
444 53 445
444 68 226
444 124 125
444 218 413
444 231 428
444 291 438
444 296 508
444 396 416
445 11 226
445 14 287
445 53 444
445 218 279
445 231 429
445 316 442
445 382 455
446 1 453
446 5 313
446 16 27
446 48 443
446 52 271
446 116 397
446 218 281
446 225 400
446 226 230
446 291 465
446 295 318
446 501 512
446 537 551
447 0 345
447 4 514
447 6 356
447 7 510
447 13 508
447 14 444
447 19 36
447 49 225
447 50 470
447 53 287
447 56 434
447 68 372
447 105 532
447 115 226
447 120 125
447 231 430
447 247 533
447 250 581
447 273 413
447 283 422
447 291 462
447 354 438
447 368 414
447 382 515
447 386 565
447 417 418
447 433 461
447 442 456
448 3 236
448 14 466
448 220 376
448 224 428
448 225 385
448 290 430
448 346 457
448 383 393
449 12 390
449 59 125
449 65 432
449 147 391
449 222 313
449 227 408
449 231 424
449 235 571
449 400 425
450 0 458
450 3 14
450 15 232
450 115 438
450 224 451
450 226 354
450 229 454
450 236 466
450 237 383
450 248 453
450 249 452
450 286 437
450 430 435
451 0 115
451 3 290
451 14 426
451 15 242
451 16 487
451 45 427
451 79 464
451 224 450
451 226 345
451 236 430
451 254 316
451 274 454
451 295 565
451 304 358
451 393 532
452 3 393
452 220 420
452 226 440
452 227 427
452 236 383
452 249 450
453 1 446
453 3 441
453 5 112
453 13 226
453 14 76
453 15 233
453 16 20
453 29 512
453 44 380
453 49 532
453 54 467
453 57 454
453 61 121
453 77 159
453 79 443
453 105 225
453 115 508
453 116 459
453 237 372
453 248 450
453 271 578
453 295 374
453 427 506
454 14 15
454 16 169
454 57 453
454 115 413
454 116 415
454 188 477
454 226 273
454 229 450
454 237 387
454 254 279
454 274 451
454 332 461
454 422 458
454 511 512
455 5 131
455 11 159
455 16 28
455 49 53
455 81 121
455 116 254
455 225 287
455 226 286
455 279 415
455 280 284
455 354 437
455 372 429
455 378 380
455 382 445
456 0 14
456 3 458
456 6 407
456 115 426
456 224 462
456 225 365
456 228 461
456 239 464
456 249 459
456 296 421
456 442 447
457 0 386
457 3 289
457 13 374
457 15 267
457 19 567
457 45 430
457 224 460
457 226 295
457 227 383
457 228 375
457 230 318
457 236 427
457 253 387
457 305 358
457 315 376
457 345 565
457 346 448
457 364 377
457 365 529
457 385 434
458 0 450
458 3 456
458 14 385
458 115 224
458 225 466
458 376 461
458 422 454
459 0 393
459 1 397
459 5 61
459 6 371
459 7 472
459 13 225
459 14 77
459 16 20
459 44 461
459 45 464
459 49 508
459 57 415
459 62 269
459 69 84
459 76 159
459 79 427
459 89 193
459 105 226
459 112 121
459 115 532
459 116 453
459 249 456
459 296 382
459 346 384
459 443 506
460 13 212
460 15 370
460 56 372
460 68 434
460 224 457
460 238 383
460 289 426
460 294 529
460 314 375
460 315 377
460 339 387
460 346 428
460 354 565
460 386 438
460 427 435
461 6 14
461 16 475
461 44 459
461 115 377
461 116 380
461 214 477
461 225 311
461 228 456
461 254 378
461 296 423
461 314 462
461 332 454
461 376 458
461 406 464
461 433 447
461 469 472
462 0 290
462 3 115
462 6 320
462 14 438
462 16 528
462 56 443
462 224 456
462 225 294
462 227 464
462 254 259
462 291 447
462 314 461
462 346 470
462 350 361
462 441 508
463 4 404
463 39 410
463 55 247
463 65 408
463 83 234
463 223 293
463 227 432
463 231 402
463 400 405
464 14 106
464 45 459
464 79 451
464 115 374
464 227 462
464 239 456
464 290 384
464 295 508
464 393 470
464 406 461
465 3 230
465 6 360
465 48 434
465 223 498
465 225 411
465 229 281
465 282 422
465 289 318
465 291 446
466 3 365
466 14 448
466 15 366
466 224 430
466 225 458
466 236 450
466 249 383
466 311 376
466 382 385
467 12 13
467 20 21
467 54 453
467 61 65
467 62 496
467 76 488
467 100 119
467 104 252
467 105 247
467 111 112
467 126 387
467 143 578
467 160 423
467 476 478
467 505 506
467 521 522
467 532 533
468 0 22
468 7 9
468 18 113
468 43 118
468 97 156
468 137 562
468 143 577
468 200 297
468 306 540
468 385 531
468 470 471
468 535 536
469 6 31
469 7 44
469 17 470
469 26 481
469 77 208
469 211 534
469 423 473
469 461 472
469 475 482
469 540 543
469 547 548
469 550 552
470 0 45
470 7 31
470 17 469
470 26 482
470 36 40
470 44 108
470 49 443
470 50 447
470 60 536
470 68 529
470 77 78
470 79 532
470 106 249
470 115 427
470 120 123
470 137 563
470 265 268
470 294 434
470 346 462
470 350 351
470 368 412
470 386 430
470 393 464
470 417 419
470 468 471
470 502 503
470 506 508
470 507 514
470 513 515
470 527 528
470 576 577
471 9 31
471 22 45
471 60 535
471 143 576
471 468 470
471 562 563
472 7 459
472 14 31
472 16 482
472 17 371
472 18 393
472 24 346
472 29 427
472 34 523
472 35 367
472 41 49
472 124 165
472 296 473
472 397 495
472 461 469
472 506 512
473 7 382
473 13 31
473 17 311
473 18 365
473 19 26
473 24 294
473 29 430
473 35 368
473 41 50
473 151 286
473 296 472
473 423 469
473 510 515
473 521 525
474 2 46
474 19 196
474 21 80
474 25 35
474 32 47
474 65 166
474 71 494
474 111 189
474 148 413
474 161 168
474 261 479
474 274 485
474 553 555
475 6 23
475 16 380
475 16 461
475 17 26
475 19 311
475 20 44
475 28 378
475 36 377
475 63 140
475 75 214
475 76 481
475 169 332
475 255 369
475 273 343
475 314 528
475 469 482
476 2 13
476 4 20
476 19 112
476 40 192
476 65 483
476 66 107
476 140 423
476 188 387
476 237 477
476 312 486
476 467 478
476 506 519
476 507 521
477 2 14
477 5 23
477 16 75
477 36 124
477 111 484
477 188 454
477 214 461
477 237 476
477 480 488
477 514 523
477 515 526
478 2 12
478 4 21
478 19 111
478 25 539
478 27 301
478 61 483
478 126 188
478 140 160
478 172 214
478 189 196
478 392 479
478 431 485
478 467 476
478 505 519
478 507 522
478 542 545
479 2 10
479 19 234
479 21 389
479 24 545
479 32 55
479 144 314
479 147 493
479 189 229
479 261 474
479 392 478
479 557 561
480 2 54
480 2 84
480 5 21
480 16 65
480 63 484
480 92 269
480 477 488
480 504 514
480 526 533
480 551 557
480 555 560
481 6 20
481 16 371
481 17 482
481 19 423
481 23 44
481 26 469
481 61 214
481 76 475
481 112 140
481 172 483
481 177 330
481 233 342
481 401 527
482 7 20
482 16 472
482 17 481
482 23 31
482 24 527
482 26 76
482 26 470
482 27 495
482 29 40
482 34 68
482 34 506
482 36 41
482 469 475
482 500 501
482 512 523
482 513 525
482 517 528
482 525 532
483 12 20
483 13 21
483 61 478
483 65 476
483 172 481
483 292 568
483 296 484
483 505 521
483 506 522
484 14 21
484 23 54
484 63 480
484 111 477
484 296 483
484 504 515
484 523 533
485 0 148
485 2 409
485 9 21
485 18 25
485 19 235
485 39 575
485 42 59
485 274 474
485 431 478
485 555 562
486 1 32
486 2 119
486 8 20
486 79 520
486 114 568
486 312 476
486 500 502
486 573 578
487 0 36
487 16 451
487 18 525
487 19 345
487 23 426
487 28 316
487 34 535
487 40 45
487 169 274
487 256 398
487 304 361
487 565 567
488 12 372
488 14 54
488 21 23
488 51 201
488 63 111
488 65 75
488 76 467
488 83 154
488 143 572
488 247 382
488 477 480
488 504 523
488 505 529
488 515 533
489 30 41
489 46 57
489 65 122
489 76 168
489 114 566
489 129 570
489 147 497
489 211 508
489 248 389
489 511 538
489 515 543
489 546 553
490 17 147
490 30 38
490 33 37
490 144 557
490 202 215
490 211 548
490 534 547
490 540 550
490 543 552
490 545 556
491 3 404
491 15 47
491 29 33
491 64 83
491 76 497
491 79 550
491 111 498
491 147 168
491 188 494
491 374 390
491 511 546
491 529 547
491 538 553
492 11 32
492 23 58
492 68 554
492 92 145
492 133 147
492 503 524
492 569 572
492 574 579
493 2 55
493 10 32
493 19 327
493 19 408
493 21 404
493 24 557
493 27 373
493 147 479
493 323 494
493 401 556
493 545 561
494 2 130
494 2 47
494 19 197
494 25 553
494 27 317
494 32 46
494 35 555
494 70 166
494 71 474
494 74 191
494 80 92
494 83 189
494 188 491
494 253 575
494 323 493
495 1 7
495 24 263
495 27 482
495 29 48
495 34 500
495 68 501
495 397 472
496 12 252
496 21 32
496 25 557
496 30 43
496 39 579
496 55 389
496 62 467
496 65 71
496 109 211
496 111 147
496 114 143
496 168 498
496 327 392
496 503 533
496 543 563
497 33 41
497 47 57
497 76 491
497 83 122
497 147 489
497 191 194
497 248 404
497 506 547
497 511 549
497 513 550
497 516 553
497 566 571
497 570 579
498 3 55
498 29 43
498 59 374
498 64 71
498 68 109
498 79 137
498 111 491
498 126 197
498 127 252
498 130 132
498 168 496
498 223 465
498 281 303
498 499 517
498 531 561
498 532 563
498 565 570
499 41 55
499 43 56
499 71 509
499 498 517
499 559 565
499 561 566
500 1 40
500 20 48
500 27 506
500 34 495
500 62 520
500 482 501
500 486 502
500 564 568
500 578 580
501 1 29
501 7 48
501 18 318
501 27 34
501 68 495
501 446 512
501 482 500
502 8 48
502 32 40
502 62 79
502 71 123
502 83 505
502 114 564
502 147 507
502 154 529
502 252 386
502 269 427
502 470 503
502 486 500
502 573 580
503 32 36
503 53 58
503 62 532
503 68 154
503 71 120
503 115 269
503 147 514
503 252 430
503 428 439
503 470 502
503 492 524
503 496 533
503 558 569
503 579 581
504 21 49
504 36 54
504 111 526
504 480 514
504 484 515
504 488 523
505 12 50
505 21 40
505 39 564
505 48 293
505 54 427
505 65 507
505 83 502
505 111 123
505 247 386
505 467 506
505 478 519
505 483 521
505 488 529
505 533 565
506 13 50
506 20 40
506 27 500
506 31 41
506 34 482
506 61 507
506 76 529
506 77 513
506 105 386
506 112 123
506 122 536
506 233 367
506 266 267
506 289 440
506 295 393
506 346 441
506 357 371
506 427 453
506 443 459
506 467 505
506 470 508
506 472 512
506 476 519
506 483 522
506 497 547
506 532 565
506 563 570
507 2 40
507 4 50
507 5 443
507 48 313
507 61 506
507 63 513
507 65 505
507 74 123
507 75 529
507 79 112
507 120 565
507 121 427
507 125 386
507 147 502
507 470 514
507 476 521
507 478 522
507 564 571
508 7 41
508 13 447
508 20 36
508 26 34
508 49 459
508 56 384
508 57 413
508 60 122
508 61 514
508 68 76
508 77 515
508 78 513
508 79 565
508 105 430
508 112 120
508 113 566
508 115 453
508 137 570
508 211 489
508 248 438
508 295 464
508 296 444
508 441 462
508 470 506
508 578 581
509 10 41
509 22 56
509 22 87
509 24 122
509 64 517
509 71 499
509 531 565
509 561 570
510 7 447
510 13 41
510 17 356
510 18 345
510 19 525
510 24 354
510 26 521
510 29 372
510 31 50
510 35 273
510 237 512
510 287 530
510 387 511
510 473 515
511 15 41
511 29 57
511 34 169
511 35 565
511 168 516
511 177 525
511 387 510
511 454 512
511 489 538
511 491 546
511 497 549
512 7 443
512 14 41
512 16 34
512 17 357
512 18 295
512 24 441
512 29 453
512 31 49
512 35 233
512 121 165
512 237 510
512 446 501
512 454 511
512 472 506
512 482 523
513 7 41
513 14 443
513 23 40
513 50 382
513 56 438
513 60 566
513 63 507
513 68 565
513 75 123
513 76 79
513 77 506
513 78 508
513 109 570
513 113 122
513 159 427
513 248 384
513 273 412
513 354 434
513 367 415
513 372 386
513 470 515
513 482 525
513 497 550
513 564 572
514 2 36
514 4 447
514 5 49
514 53 131
514 61 508
514 63 515
514 68 75
514 74 120
514 111 533
514 112 532
514 115 121
514 123 565
514 125 430
514 129 581
514 133 524
514 147 503
514 470 507
514 477 523
514 480 504
515 14 49
515 23 36
515 26 525
515 28 524
515 31 41
515 63 514
515 75 120
515 76 532
515 77 508
515 115 159
515 242 284
515 273 368
515 283 366
515 294 354
515 311 356
515 319 320
515 340 341
515 345 365
515 369 398
515 372 430
515 382 447
515 470 513
515 473 510
515 477 526
515 484 504
515 488 533
515 489 543
515 529 565
515 536 566
516 30 57
516 41 46
516 76 538
516 147 546
516 168 511
516 497 553
517 3 41
517 24 76
517 26 527
517 29 56
517 64 509
517 482 528
517 498 499
517 531 566
517 559 570
518 25 28
518 30 131
518 33 58
518 43 51
518 111 544
518 287 542
518 545 569
519 2 91
519 2 50
519 4 40
519 19 123
519 20 192
519 61 521
519 65 522
519 79 107
519 476 506
519 478 505
520 8 40
520 32 48
520 62 500
520 79 486
520 114 580
520 564 573
521 2 192
521 13 40
521 19 79
521 20 50
521 26 510
521 61 519
521 467 522
521 473 525
521 476 507
521 483 505
522 12 40
522 21 50
522 65 519
522 467 521
522 478 507
522 483 506
523 2 124
523 14 36
523 16 68
523 19 428
523 19 444
523 23 49
523 34 472
523 63 526
523 329 342
523 362 398
523 477 514
523 482 512
523 484 533
523 488 504
524 11 36
524 23 53
524 26 530
524 28 515
524 133 514
524 151 525
524 154 554
524 492 503
524 558 572
524 574 581
525 7 36
525 18 487
525 19 510
525 20 41
525 23 29
525 26 79
525 26 515
525 28 530
525 31 40
525 34 565
525 34 77
525 35 169
525 151 524
525 177 511
525 473 521
525 482 532
525 482 513
525 535 567
526 2 90
526 2 49
526 5 36
526 16 120
526 23 124
526 63 523
526 111 504
526 477 515
526 480 533
527 3 40
527 16 346
527 19 434
527 20 384
527 24 482
527 26 517
527 27 263
527 36 56
527 351 358
527 385 567
527 395 419
527 401 481
527 470 528
528 3 36
528 16 462
528 19 294
528 23 438
528 24 26
528 28 259
528 40 56
528 314 475
528 350 358
528 395 417
528 470 527
528 482 517
529 14 427
529 23 40
529 26 34
529 29 31
529 45 426
529 50 372
529 63 123
529 64 536
529 68 470
529 75 507
529 76 506
529 77 79
529 154 502
529 159 443
529 249 374
529 294 460
529 311 375
529 357 380
529 365 457
529 369 399
529 382 386
529 488 505
529 491 547
529 515 565
530 7 53
530 11 29
530 18 316
530 26 524
530 28 525
530 35 279
530 68 195
530 79 151
530 287 510
531 3 22
531 10 29
531 71 559
531 323 538
531 385 468
531 498 561
531 509 565
531 517 566
532 13 430
532 20 36
532 29 31
532 44 377
532 45 374
532 49 453
532 61 120
532 62 503
532 68 77
532 76 515
532 79 470
532 105 447
532 112 514
532 115 459
532 168 543
532 237 428
532 249 426
532 393 451
532 467 533
532 482 525
532 498 563
532 506 565
533 12 430
533 21 36
533 39 581
533 49 54
533 65 120
533 84 90
533 111 514
533 247 447
533 467 532
533 480 526
533 484 523
533 488 515
533 496 503
533 505 565
534 30 44
534 31 37
534 39 552
534 77 540
534 211 469
534 490 547
535 0 31
535 7 45
535 7 101
535 18 77
535 34 487
535 60 471
535 137 576
535 468 536
535 525 567
535 563 577
536 9 45
536 22 31
536 44 95
536 60 470
536 64 529
536 77 113
536 83 547
536 114 543
536 122 506
536 123 181
536 143 563
536 249 297
536 468 535
536 515 566
536 562 576
537 8 30
537 12 302
537 17 325
537 18 310
537 22 52
537 22 100
537 24 405
537 27 555
537 33 313
537 35 317
537 65 541
537 312 542
537 446 551
537 557 573
538 15 30
538 22 132
538 25 188
538 29 46
538 76 516
538 126 539
538 147 549
538 323 531
538 330 540
538 489 511
538 491 553
539 4 22
539 8 302
539 12 30
539 18 391
539 18 431
539 19 545
539 24 234
539 25 478
539 29 127
539 43 252
539 114 542
539 126 538
539 160 540
539 286 544
539 292 541
539 327 561
540 6 30
540 7 37
540 22 170
540 25 140
540 39 548
540 77 534
540 160 539
540 208 211
540 306 468
540 330 538
540 469 543
540 490 550
541 4 302
541 8 22
541 17 307
541 18 425
541 24 373
541 27 557
541 30 52
541 33 293
541 35 379
541 65 537
541 292 539
541 397 560
541 555 573
542 4 30
542 12 22
542 18 235
542 19 25
542 24 410
542 24 392
542 35 196
542 43 250
542 52 302
542 60 176
542 114 539
542 287 518
542 312 537
542 344 562
542 478 545
543 30 31
543 37 44
543 39 547
543 77 211
543 114 536
543 168 532
543 249 409
543 469 540
543 489 515
543 490 552
543 496 563
544 22 99
544 22 81
544 25 569
544 28 545
544 33 51
544 43 58
544 60 203
544 111 518
544 286 539
545 2 22
545 17 144
545 19 539
545 21 30
545 24 479
545 25 114
545 25 111
545 28 544
545 32 43
545 33 42
545 35 189
545 73 128
545 83 555
545 92 175
545 129 555
545 143 557
545 147 557
545 478 542
545 490 556
545 493 561
545 518 569
546 33 57
546 41 47
546 76 549
546 147 516
546 489 553
546 491 511
547 31 33
547 38 44
547 39 543
547 77 550
547 83 536
547 249 390
547 469 548
547 490 534
547 491 529
547 497 506
547 563 579
548 6 33
548 7 38
548 22 117
548 39 540
548 43 139
548 77 552
548 140 555
548 175 215
548 208 550
548 211 490
548 332 549
548 469 547
549 15 33
549 29 47
549 76 546
549 147 538
549 161 555
549 168 553
549 261 559
549 332 548
549 497 511
550 0 390
550 6 38
550 7 33
550 39 211
550 60 571
550 77 547
550 79 491
550 83 113
550 109 579
550 111 137
550 208 548
550 384 404
550 469 552
550 490 540
550 497 513
551 5 33
551 16 555
551 22 271
551 43 54
551 121 175
551 446 537
551 480 557
551 560 579
552 31 38
552 33 44
552 39 534
552 77 548
552 469 550
552 490 543
553 25 494
553 30 47
553 33 46
553 35 39
553 168 549
553 474 555
553 489 546
553 491 538
553 497 516
554 32 53
554 36 58
554 68 492
554 154 524
554 558 579
554 569 581
555 2 175
555 2 33
555 16 551
555 18 575
555 21 43
555 22 42
555 22 92
555 25 39
555 25 71
555 27 537
555 30 32
555 35 494
555 65 557
555 73 128
555 83 545
555 129 545
555 140 548
555 148 202
555 161 549
555 474 553
555 480 560
555 485 562
555 541 573
555 557 579
556 17 557
556 19 270
556 21 38
556 27 307
556 32 95
556 37 42
556 60 150
556 71 198
556 109 149
556 137 140
556 143 144
556 306 575
556 401 493
556 490 545
557 2 43
557 16 560
557 17 556
557 21 33
557 22 32
557 24 493
557 25 571
557 25 496
557 27 541
557 30 42
557 65 555
557 143 545
557 144 490
557 147 545
557 479 561
557 480 551
557 537 573
557 555 579
558 36 51
558 42 53
558 68 574
558 503 569
558 524 572
558 554 579
559 3 43
559 29 55
559 64 561
559 71 531
559 261 549
559 499 565
559 517 570
560 5 43
560 16 557
560 22 269
560 33 54
560 84 175
560 397 541
560 480 555
560 551 579
561 10 43
561 22 55
561 24 143
561 64 559
561 243 562
561 327 539
561 479 557
561 493 545
561 498 531
561 499 566
561 509 570
562 0 202
562 7 118
562 9 43
562 18 71
562 22 59
562 25 575
562 60 577
562 137 468
562 175 409
562 243 561
562 344 542
562 471 563
562 485 555
562 536 576
563 31 43
563 45 59
563 77 109
563 98 101
563 137 470
563 143 536
563 471 562
563 496 543
563 498 532
563 506 570
563 535 577
563 547 579
564 39 505
564 40 42
564 48 52
564 79 578
564 114 502
564 123 129
564 250 386
564 271 443
564 500 568
564 507 571
564 513 572
564 520 573
564 565 581
565 3 56
565 29 41
565 34 525
565 35 511
565 36 40
565 49 427
565 50 430
565 64 566
565 68 513
565 79 508
565 115 443
565 120 507
565 123 514
565 212 248
565 295 451
565 304 305
565 321 324
565 345 457
565 354 460
565 356 375
565 386 447
565 398 399
565 487 567
565 498 570
565 499 559
565 505 533
565 506 532
565 509 531
565 515 529
565 564 581
566 10 56
566 22 41
566 60 513
566 64 565
566 71 570
566 82 122
566 113 508
566 114 489
566 138 248
566 163 164
566 497 571
566 499 561
566 515 536
566 517 531
567 0 40
567 16 295
567 18 34
567 19 457
567 20 374
567 27 318
567 36 45
567 177 253
567 256 399
567 305 361
567 385 527
567 487 565
567 525 535
568 1 42
568 20 52
568 62 573
568 79 580
568 114 486
568 292 483
568 500 564
569 21 99
569 25 544
569 28 114
569 32 51
569 42 58
569 154 574
569 492 572
569 503 558
569 518 545
569 554 581
570 41 43
570 55 56
570 71 566
570 109 513
570 122 143
570 129 489
570 137 508
570 497 579
570 498 565
570 506 563
570 509 561
570 517 559
571 2 42
571 5 271
571 9 390
571 22 33
571 25 557
571 38 93
571 39 65
571 51 81
571 52 313
571 60 550
571 63 572
571 71 579
571 74 129
571 82 83
571 111 143
571 112 578
571 114 147
571 120 581
571 125 250
571 138 404
571 235 449
571 292 301
571 408 410
571 497 566
571 507 564
572 11 51
572 14 271
572 23 42
572 63 571
572 68 581
572 70 164
572 75 129
572 76 578
572 143 488
572 154 579
572 250 372
572 492 569
572 513 564
572 524 558
573 8 42
573 27 579
573 32 52
573 62 568
573 486 578
573 502 580
573 520 564
573 537 557
573 541 555
574 2 146
574 11 42
574 21 201
574 23 51
574 68 558
574 92 157
574 129 133
574 154 569
574 492 579
574 524 581
575 2 390
575 9 42
575 18 555
575 19 344
575 19 432
575 21 59
575 25 562
575 27 310
575 39 485
575 92 297
575 253 494
575 306 556
576 31 59
576 43 45
576 137 535
576 143 471
576 470 577
576 536 562
577 0 43
577 7 59
577 7 98
577 18 109
577 22 118
577 60 562
577 97 202
577 143 468
577 176 344
577 470 576
577 535 563
578 1 52
578 13 250
578 20 42
578 61 129
578 62 114
578 76 572
578 79 564
578 112 571
578 143 467
578 271 453
578 486 573
578 500 580
578 508 581
579 27 573
579 32 42
579 33 43
579 39 496
579 51 58
579 71 571
579 83 143
579 109 550
579 129 147
579 154 572
579 269 271
579 492 574
579 497 570
579 503 581
579 547 563
579 551 560
579 554 558
579 555 557
580 40 52
580 42 48
580 79 568
580 114 520
580 500 578
580 502 573
581 36 42
581 39 533
581 51 53
581 68 572
581 115 271
581 120 571
581 129 514
581 250 447
581 503 579
581 508 578
581 524 574
581 554 569
581 564 565
