328 16 48 12 4169
0 1 2 3 4 5 6 7 8 9 10 11 12 13 14 15 20 21 22 23 29 30 31 32 33 36 37 38 40 41 42 43 44 45 46 47 48 49 50 51 52 53 54 55 56 57 58 59
16 17 18 19 24 25 26 27 28 34 35 39
16 2 5
16 14 23
16 19 315
16 19 308
16 20 238
16 20 233
16 21 54
16 27 280
16 27 298
16 28 317
16 32 225
16 34 121
16 36 49
16 40 218
16 40 230
16 42 231
16 65 81
16 69 83
16 75 300
16 76 291
16 78 200
16 82 267
16 84 261
16 132 139
16 135 206
16 136 264
16 165 169
16 171 174
16 182 290
17 6 7
17 18 311
17 22 213
17 22 226
17 24 256
17 24 269
17 26 76
17 29 228
17 30 37
17 31 44
17 33 38
17 62 286
17 66 67
17 69 267
17 70 272
17 82 83
17 95 96
17 154 306
17 158 159
17 170 171
17 244 251
18 0 7
18 7 318
18 9 22
18 17 311
18 22 320
18 24 310
18 24 309
18 25 87
18 29 223
18 29 224
18 30 217
18 31 316
18 31 45
18 33 210
18 34 182
18 35 257
18 35 259
18 43 59
18 61 201
18 71 146
18 89 134
18 102 176
18 110 293
18 119 281
18 121 290
18 140 279
18 149 262
18 151 283
18 155 258
18 169 191
18 194 205
19 2 323
19 2 4
19 12 21
19 13 20
19 16 315
19 16 308
19 20 326
19 23 211
19 23 221
19 25 155
19 26 70
19 27 313
19 28 255
19 28 254
19 32 209
19 36 229
19 36 234
19 40 324
19 40 50
19 42 208
19 64 303
19 74 296
19 75 263
19 76 272
19 77 203
19 79 92
19 80 253
19 82 287
19 84 282
19 87 258
19 89 281
19 99 268
19 119 134
19 128 204
19 130 142
19 137 277
19 151 158
19 191 260
20 1 27
20 2 203
20 2 64
20 4 303
20 4 77
20 6 82
20 7 83
20 8 88
20 12 85
20 13 19
20 15 84
20 16 238
20 16 233
20 19 326
20 21 60
20 23 90
20 23 71
20 26 31
20 29 34
20 32 104
20 36 143
20 36 117
20 40 142
20 40 115
20 41 134
20 42 195
20 44 76
20 48 109
20 50 130
20 52 183
20 57 75
20 128 249
20 136 220
20 182 223
21 2 92
21 2 65
21 4 79
21 5 81
21 9 87
21 12 19
21 13 85
21 14 86
21 16 54
21 20 60
21 22 25
21 23 91
21 27 222
21 30 158
21 32 105
21 32 94
21 33 171
21 36 144
21 37 159
21 38 170
21 39 42
21 40 114
21 42 196
21 43 169
21 46 247
21 49 113
21 50 131
21 59 191
21 74 214
21 80 219
21 99 212
21 102 241
21 153 239
21 184 246
21 190 299
21 207 289
21 207 294
21 266 302
22 0 61
22 2 158
22 3 141
22 4 151
22 7 201
22 7 153
22 8 154
22 9 18
22 10 24
22 12 155
22 17 213
22 17 226
22 18 320
22 21 25
22 24 321
22 29 73
22 30 185
22 30 65
22 31 147
22 32 171
22 33 187
22 33 94
22 35 214
22 41 181
22 41 202
22 42 169
22 43 196
22 43 102
22 45 68
22 52 149
22 55 175
22 56 118
22 59 176
22 149 322
22 150 266
22 152 294
22 157 246
22 157 216
22 165 231
22 169 241
22 174 225
22 177 248
22 193 245
22 194 243
22 240 275
22 240 278
23 2 200
23 2 63
23 5 78
23 6 76
23 7 26
23 11 28
23 14 16
23 15 75
23 19 211
23 19 221
23 20 90
23 20 71
23 21 91
23 29 134
23 31 83
23 32 101
23 34 41
23 36 139
23 36 124
23 40 138
23 40 122
23 42 188
23 44 82
23 49 132
23 51 190
23 53 133
23 54 86
23 57 84
23 58 98
23 89 224
23 135 242
23 137 236
23 232 237
24 3 29
24 7 220
24 7 236
24 10 22
24 17 256
24 17 269
24 18 310
24 18 309
24 22 321
24 26 137
24 29 327
24 30 219
24 33 212
24 35 312
24 41 56
24 41 314
24 43 55
24 62 284
24 69 264
24 70 277
24 80 158
24 83 136
24 90 126
24 99 171
24 103 292
24 118 202
24 151 253
24 154 271
24 155 301
24 175 196
25 2 30
25 7 239
25 18 87
25 19 155
25 21 22
25 28 127
25 32 33
25 35 74
25 39 169
25 42 43
25 79 151
25 92 158
25 100 167
25 102 169
25 105 171
25 150 302
25 152 207
25 157 184
25 158 185
25 171 187
25 176 191
26 7 23
26 17 76
26 19 70
26 20 31
26 24 137
26 28 62
26 29 36
26 34 138
26 34 117
26 40 41
26 66 82
26 67 83
26 83 90
26 119 130
26 124 134
26 126 136
26 133 140
26 134 142
27 1 20
27 2 215
27 8 32
27 16 280
27 16 298
27 19 313
27 21 222
27 34 110
27 40 48
27 42 52
27 83 103
27 99 271
27 100 307
27 109 115
27 136 292
27 149 169
27 154 171
27 170 306
27 182 293
27 189 197
27 191 262
27 241 322
28 2 237
28 2 216
28 11 23
28 16 317
28 19 255
28 19 254
28 25 127
28 26 62
28 32 58
28 36 53
28 42 51
28 63 232
28 75 285
28 76 286
28 89 279
28 124 133
28 134 140
28 137 284
28 157 158
28 184 185
29 1 110
29 3 24
29 7 142
29 7 139
29 10 141
29 11 140
29 15 35
29 17 228
29 18 223
29 18 224
29 20 34
29 22 73
29 23 134
29 24 327
29 26 36
29 30 72
29 31 143
29 31 138
29 33 97
29 40 83
29 41 180
29 41 90
29 43 107
29 46 150
29 47 163
29 48 103
29 53 62
29 55 173
29 56 126
29 57 120
29 69 218
29 70 229
29 119 211
29 121 238
29 151 274
30 2 25
30 4 155
30 6 152
30 7 148
30 8 149
30 12 151
30 15 150
30 17 37
30 18 217
30 21 158
30 22 185
30 22 65
30 24 219
30 29 72
30 31 156
30 32 169
30 33 39
30 33 96
30 35 46
30 38 95
30 41 93
30 42 171
30 43 193
30 43 105
30 44 145
30 47 167
30 52 154
30 57 125
30 102 245
30 127 237
31 0 146
31 6 66
31 7 71
31 7 67
31 9 68
31 13 70
31 14 69
31 17 44
31 18 316
31 18 45
31 20 26
31 22 147
31 23 83
31 29 143
31 29 138
31 30 156
31 33 161
31 34 36
31 37 145
31 38 166
31 40 134
31 41 124
31 41 115
31 43 178
31 49 121
31 50 119
31 59 192
32 1 88
32 2 102
32 2 96
32 8 27
32 10 99
32 11 98
32 16 225
32 19 209
32 20 104
32 21 105
32 21 94
32 22 171
32 23 101
32 25 33
32 28 58
32 30 169
32 36 112
32 40 111
32 42 197
32 42 185
32 43 158
32 46 100
32 47 74
32 48 129
32 51 184
32 52 189
32 53 168
32 55 80
32 65 241
32 170 226
33 2 169
33 5 165
33 6 162
33 7 164
33 15 163
33 17 38
33 18 210
33 21 171
33 22 187
33 22 94
33 24 212
33 25 32
33 29 97
33 30 39
33 30 96
33 31 161
33 35 47
33 37 95
33 41 106
33 42 158
33 43 197
33 43 92
33 44 166
33 46 167
33 51 157
33 54 174
33 57 160
33 58 127
33 149 215
33 154 222
33 245 252
34 7 40
34 16 121
34 18 182
34 20 29
34 23 41
34 26 138
34 26 117
34 27 110
34 31 36
34 35 84
34 69 132
34 71 134
34 75 120
34 83 139
34 83 115
34 89 146
34 103 109
34 134 180
35 7 227
35 15 29
35 18 257
35 18 259
35 22 214
35 24 312
35 25 74
35 30 46
35 33 47
35 34 84
35 39 167
35 41 57
35 75 134
35 100 169
35 119 263
35 120 180
35 121 261
35 140 285
35 149 307
35 155 296
35 158 247
36 0 89
36 2 206
36 2 123
36 3 137
36 5 135
36 7 134
36 11 133
36 14 132
36 16 49
36 19 229
36 19 234
36 20 143
36 20 117
36 21 144
36 23 139
36 23 124
36 26 29
36 28 53
36 31 34
36 32 112
36 40 180
36 40 67
36 41 83
36 42 199
36 45 182
36 51 172
36 54 113
36 56 136
36 58 168
36 75 227
36 76 228
36 78 242
37 6 148
37 7 152
37 9 305
37 17 30
37 21 159
37 31 145
37 33 95
37 38 39
37 42 170
37 44 156
37 52 306
37 65 213
37 72 228
37 153 294
37 185 226
37 207 239
37 217 311
37 219 256
38 6 164
38 7 162
38 17 33
38 21 170
38 30 95
38 31 166
38 37 39
38 42 159
38 44 161
38 94 226
38 177 289
38 187 213
38 210 311
38 212 269
38 222 306
39 21 42
39 25 169
39 30 33
39 35 167
39 37 38
39 52 222
39 65 187
39 87 191
39 92 193
39 94 185
39 105 197
39 114 179
39 144 199
39 145 166
39 148 164
39 152 162
39 156 161
39 210 217
40 0 182
40 1 109
40 2 204
40 2 116
40 3 136
40 4 128
40 7 34
40 8 129
40 12 131
40 13 130
40 16 218
40 16 230
40 19 324
40 19 50
40 20 142
40 20 115
40 21 114
40 23 138
40 23 122
40 26 41
40 27 48
40 29 83
40 31 134
40 32 111
40 36 180
40 36 67
40 42 179
40 45 89
40 52 198
40 56 137
40 77 249
41 3 126
41 7 122
41 7 117
41 10 118
41 13 119
41 14 121
41 15 120
41 20 134
41 22 181
41 22 202
41 23 34
41 24 56
41 24 314
41 26 40
41 29 180
41 29 90
41 30 93
41 31 124
41 31 115
41 33 106
41 35 57
41 36 83
41 43 186
41 46 125
41 47 160
41 49 69
41 50 70
41 55 108
42 1 183
42 2 193
42 2 187
42 8 189
42 9 191
42 11 190
42 16 231
42 19 208
42 20 195
42 21 196
42 21 39
42 22 169
42 23 188
42 25 43
42 27 52
42 28 51
42 30 171
42 32 197
42 32 185
42 33 158
42 36 199
42 37 170
42 38 159
42 40 179
42 48 198
42 53 172
42 58 184
42 59 87
42 177 239
42 241 250
43 0 194
43 2 171
43 3 173
43 5 174
43 7 177
43 7 205
43 9 176
43 10 175
43 18 59
43 21 169
43 22 196
43 22 102
43 24 55
43 25 42
43 29 107
43 30 193
43 30 105
43 31 178
43 32 158
43 33 197
43 33 92
43 41 186
43 45 192
43 51 127
43 54 165
43 56 108
43 58 157
43 61 243
43 65 245
43 151 209
43 153 248
43 155 208
43 162 289
43 240 313
44 6 71
44 7 66
44 13 272
44 14 267
44 17 31
44 20 76
44 23 82
44 30 145
44 33 166
44 37 156
44 38 161
44 143 228
44 147 226
44 221 287
44 233 291
44 311 316
45 0 67
45 7 146
45 9 147
45 18 31
45 22 68
45 36 182
45 40 89
45 43 192
45 49 290
45 50 281
45 59 178
45 71 318
45 138 224
45 143 223
46 2 74
46 4 296
46 8 307
46 10 304
46 15 72
46 21 247
46 29 150
46 30 35
46 32 100
46 33 167
46 41 125
46 47 96
46 57 93
46 65 214
46 73 266
46 148 227
46 217 259
46 219 312
46 274 319
47 2 100
47 15 97
47 29 163
47 30 167
47 32 74
47 33 35
47 41 160
47 46 96
47 55 297
47 57 106
47 94 214
47 210 257
47 212 312
47 215 307
48 0 293
48 1 142
48 3 292
48 7 110
48 8 111
48 20 109
48 27 40
48 29 103
48 32 129
48 42 198
48 52 179
48 114 222
48 116 215
48 218 280
48 230 298
48 313 324
49 2 135
49 5 123
49 14 124
49 16 36
49 21 113
49 23 132
49 31 121
49 41 69
49 45 290
49 54 144
49 56 264
49 67 230
49 117 233
49 143 238
49 180 218
49 200 242
49 229 315
49 234 308
50 2 128
50 4 116
50 12 114
50 13 115
50 19 40
50 20 130
50 21 131
50 31 119
50 41 70
50 45 281
50 56 277
50 67 234
50 122 221
50 138 211
50 142 326
50 180 229
50 203 249
50 204 323
50 218 315
50 230 308
51 11 188
51 23 190
51 28 42
51 32 184
51 33 157
51 36 172
51 43 127
51 53 199
51 58 197
51 91 299
51 94 246
51 187 216
51 193 237
51 208 255
51 231 317
52 1 195
52 8 185
52 9 262
52 12 275
52 20 183
52 22 149
52 27 42
52 30 154
52 32 189
52 37 306
52 39 222
52 40 198
52 48 179
52 155 240
52 187 215
52 208 313
52 231 298
52 250 322
53 0 279
53 3 284
53 7 140
53 11 139
53 23 133
53 28 36
53 29 62
53 32 168
53 42 172
53 51 199
53 58 112
53 123 237
53 206 216
53 227 285
53 228 286
53 229 254
53 234 255
54 2 81
54 5 92
54 12 315
54 14 91
54 16 21
54 23 86
54 33 174
54 36 113
54 43 165
54 49 144
54 60 238
54 94 225
54 114 218
54 196 231
54 222 280
54 252 325
55 2 99
55 3 107
55 4 268
55 10 102
55 22 175
55 24 43
55 29 173
55 32 80
55 41 108
55 47 297
55 56 186
55 59 310
55 92 212
55 105 219
55 177 220
55 196 321
55 205 236
55 209 253
56 3 180
56 10 181
56 22 118
56 24 41
56 29 126
56 36 136
56 40 137
56 43 108
56 49 264
56 50 277
56 55 186
56 90 327
56 117 220
56 122 236
56 202 321
57 13 263
57 14 261
57 15 90
57 20 75
57 23 84
57 29 120
57 30 125
57 33 160
57 35 41
57 46 93
57 47 106
57 117 227
57 202 214
57 211 282
57 238 300
57 312 314
58 11 101
58 23 98
58 28 32
58 33 127
58 36 168
58 42 184
58 43 157
58 51 197
58 53 112
58 96 237
58 102 216
58 196 246
58 209 254
58 225 317
59 0 177
59 7 194
59 9 196
59 12 260
59 18 43
59 21 191
59 22 176
59 31 192
59 42 87
59 45 178
59 55 310
59 92 210
59 102 320
59 107 223
59 193 217
59 201 243
59 205 318
59 208 258
60 12 13
60 20 21
60 54 238
60 64 65
60 77 79
60 90 91
60 92 203
60 104 105
60 114 115
60 130 131
60 143 144
60 195 196
60 282 319
60 295 322
61 0 22
61 7 9
61 18 201
61 43 243
61 67 68
61 141 288
61 146 147
61 152 305
61 176 177
61 194 196
62 7 11
62 17 286
62 24 284
62 26 28
62 29 53
62 70 254
62 133 134
62 140 142
63 2 23
63 4 221
63 5 14
63 11 216
63 28 232
63 64 71
63 75 235
63 76 207
63 81 86
63 90 203
63 91 92
63 101 102
63 116 122
63 123 124
63 132 135
63 138 204
63 139 206
63 187 188
63 200 252
63 211 323
64 2 20
64 4 13
64 5 233
64 8 295
64 19 303
64 60 65
64 63 71
64 79 85
64 84 235
64 90 200
64 102 104
64 115 116
64 117 123
64 128 130
64 142 204
64 143 206
64 193 195
64 203 252
64 323 326
65 2 21
65 4 12
65 5 325
65 6 294
65 8 322
65 9 217
65 10 219
65 15 266
65 16 81
65 22 30
65 32 241
65 37 213
65 39 187
65 43 245
65 46 214
65 60 64
65 72 73
65 77 85
65 91 200
65 92 252
65 93 202
65 94 96
65 102 105
65 114 116
65 128 131
65 144 206
65 148 153
65 149 154
65 169 171
65 185 250
65 193 196
65 215 222
65 304 312
65 305 311
66 6 31
66 7 44
66 17 67
66 26 82
66 69 291
66 70 287
66 71 244
66 76 83
66 145 148
66 152 156
66 161 162
66 164 166
67 0 45
67 7 31
67 17 66
67 26 83
67 36 40
67 49 230
67 50 234
67 61 68
67 71 251
67 111 112
67 115 117
67 116 123
67 122 124
67 136 137
67 138 139
67 142 143
67 147 153
67 177 178
67 192 194
67 204 206
67 229 324
67 316 318
68 9 31
68 22 45
68 61 67
68 146 153
68 176 178
68 192 196
69 7 233
69 14 31
69 16 83
69 17 267
69 24 264
69 29 218
69 34 132
69 41 49
69 66 291
69 70 265
69 103 280
69 115 121
70 7 221
70 13 31
70 17 272
70 19 26
70 24 277
70 29 229
70 41 50
70 62 254
70 66 287
70 69 265
70 119 124
70 130 134
71 0 316
71 6 44
71 7 31
71 13 221
71 14 233
71 18 146
71 20 23
71 34 134
71 45 318
71 63 64
71 66 244
71 67 251
71 75 84
71 101 104
71 115 122
71 117 124
71 138 142
71 139 143
71 145 152
71 147 201
71 148 156
71 161 164
71 162 166
71 178 205
71 200 203
71 211 326
71 270 308
72 3 219
72 12 274
72 15 46
72 29 30
72 37 228
72 65 73
72 74 235
72 90 93
72 96 97
72 105 107
72 120 125
72 139 148
72 143 156
72 163 167
72 217 224
73 3 10
73 4 274
73 9 224
73 15 214
73 22 29
73 46 266
73 65 72
73 90 202
73 94 97
73 102 107
73 118 126
73 138 147
73 139 153
73 142 201
73 173 175
73 180 181
73 213 228
73 223 320
73 247 302
73 296 319
73 321 327
74 2 46
74 19 296
74 21 214
74 25 35
74 32 47
74 72 235
74 80 297
74 87 259
74 92 247
74 100 102
74 167 169
74 227 239
75 15 23
75 16 300
75 19 263
75 20 57
75 28 285
75 34 120
75 35 134
75 36 227
75 63 235
75 71 84
75 76 273
75 89 259
75 200 302
76 6 23
76 16 291
76 17 26
76 19 272
76 20 44
76 28 286
76 36 228
76 63 207
76 66 83
76 75 273
76 82 90
76 137 256
77 2 13
77 4 20
77 19 203
77 40 249
77 60 79
77 65 85
77 78 270
77 88 278
77 115 128
77 116 130
77 207 287
77 282 302
78 2 14
78 5 23
78 16 200
78 36 242
78 77 270
78 81 91
78 86 92
78 123 132
78 124 135
78 300 302
79 2 12
79 4 21
79 19 92
79 25 151
79 60 77
79 64 85
79 80 301
79 87 283
79 114 128
79 116 131
79 155 158
79 247 296
79 302 319
80 2 10
80 19 253
80 21 219
80 24 158
80 32 55
80 74 297
80 79 301
80 96 99
80 159 256
80 171 175
80 247 312
81 2 54
81 2 325
81 5 21
81 16 65
81 63 86
81 78 91
81 113 123
81 135 144
81 165 171
81 169 174
81 225 241
82 6 20
82 16 267
82 17 83
82 19 287
82 23 44
82 26 66
82 76 90
82 84 276
82 136 269
82 203 207
83 7 20
83 16 69
83 17 82
83 23 31
83 24 136
83 26 90
83 26 67
83 27 103
83 29 40
83 34 139
83 34 115
83 36 41
83 66 76
83 109 110
83 121 132
83 122 134
83 126 137
83 134 143
84 15 20
84 16 261
84 19 282
84 23 57
84 34 35
84 64 235
84 71 75
84 82 276
84 120 134
84 182 257
84 203 302
85 12 20
85 13 21
85 64 79
85 65 77
85 86 265
85 114 130
85 115 131
85 183 275
86 14 21
86 23 54
86 63 81
86 78 92
86 85 265
86 113 124
86 132 144
87 0 239
87 2 217
87 9 21
87 18 25
87 19 258
87 39 191
87 42 59
87 74 259
87 79 283
87 169 176
88 1 32
88 2 295
88 8 20
88 77 278
88 109 111
88 129 142
88 183 185
88 189 195
89 0 36
89 18 134
89 19 281
89 23 224
89 28 279
89 34 146
89 40 45
89 75 259
89 180 182
90 3 314
90 13 211
90 14 238
90 15 57
90 20 23
90 24 126
90 26 83
90 29 41
90 56 327
90 60 91
90 63 203
90 64 200
90 72 93
90 73 202
90 76 82
90 97 106
90 115 138
90 117 139
90 122 142
90 124 143
90 125 150
90 160 163
90 188 195
90 221 326
90 265 315
91 12 211
91 14 54
91 21 23
91 51 299
91 60 90
91 63 92
91 65 200
91 78 81
91 94 101
91 113 132
91 114 138
91 124 144
91 188 196
92 2 21
92 5 54
92 6 289
92 12 323
92 19 79
92 25 158
92 33 43
92 39 193
92 55 212
92 59 210
92 60 203
92 63 91
92 65 252
92 74 247
92 78 86
92 94 102
92 96 105
92 97 107
92 113 135
92 114 204
92 123 144
92 127 157
92 164 177
92 187 196
92 297 312
93 30 41
93 46 57
93 65 202
93 72 90
93 96 106
93 117 148
93 120 150
93 124 156
93 160 167
93 181 185
93 186 193
93 219 314
94 2 241
94 8 222
94 10 212
94 21 32
94 22 33
94 38 226
94 39 185
94 47 214
94 51 246
94 54 225
94 65 96
94 73 97
94 91 101
94 92 102
94 100 247
94 106 202
94 111 114
94 147 161
94 158 169
94 164 201
94 187 250
94 196 197
94 210 320
94 215 322
95 17 96
95 30 38
95 33 37
95 145 161
95 148 162
95 152 164
95 156 166
95 158 170
95 159 171
96 2 32
96 8 215
96 17 95
96 30 33
96 46 47
96 58 237
96 65 94
96 72 97
96 80 99
96 92 105
96 93 106
96 98 232
96 101 200
96 102 252
96 104 203
96 111 116
96 112 123
96 125 160
96 150 163
96 158 171
96 185 187
96 193 197
96 209 323
96 212 219
97 3 212
97 15 47
97 29 33
97 72 96
97 73 94
97 90 106
97 92 107
97 100 302
97 120 160
97 138 161
97 142 164
97 150 167
97 210 223
98 11 32
98 23 58
98 96 232
98 112 133
98 139 168
98 184 188
98 190 197
99 2 55
99 10 32
99 19 268
99 21 212
99 24 171
99 27 271
99 80 96
99 100 304
99 158 175
99 170 269
100 2 47
100 25 167
100 27 307
100 32 46
100 35 169
100 74 102
100 94 247
100 97 302
100 99 304
100 191 257
100 214 241
101 11 58
101 14 225
101 23 32
101 63 102
101 71 104
101 91 94
101 96 200
101 111 138
101 112 139
101 133 168
101 184 190
101 188 197
101 209 221
101 246 299
102 0 243
102 1 295
102 2 32
102 4 209
102 5 225
102 7 248
102 10 55
102 18 176
102 21 241
102 22 43
102 25 169
102 30 245
102 58 216
102 59 320
102 63 101
102 64 104
102 65 105
102 73 107
102 74 100
102 92 94
102 96 252
102 108 118
102 111 204
102 112 206
102 141 173
102 153 205
102 177 201
102 181 186
102 185 193
102 187 197
102 196 250
102 278 313
103 1 7
103 24 292
103 27 83
103 29 48
103 34 109
103 69 280
103 110 139
104 1 8
104 13 209
104 20 32
104 60 105
104 64 102
104 71 101
104 96 203
104 109 129
104 111 142
104 112 143
104 183 189
104 185 195
104 225 233
105 12 209
105 21 32
105 25 171
105 30 43
105 39 197
105 55 219
105 60 104
105 65 102
105 72 107
105 92 96
105 112 144
105 148 205
105 156 178
105 185 196
105 268 301
106 33 41
106 47 57
106 90 97
106 93 96
106 94 202
106 115 161
106 120 163
106 122 164
106 125 167
106 181 187
106 186 197
106 212 314
107 3 55
107 29 43
107 59 223
107 72 105
107 73 102
107 92 97
107 108 126
107 139 205
107 141 175
107 142 177
107 143 178
107 180 186
107 209 274
108 41 55
108 43 56
108 102 118
108 107 126
108 173 180
108 175 181
109 1 40
109 20 48
109 27 115
109 34 103
109 83 110
109 88 111
109 104 129
109 179 183
109 195 198
110 1 29
110 7 48
110 18 293
110 27 34
110 83 109
110 103 139
110 121 298
111 8 48
111 32 40
111 67 112
111 88 109
111 94 114
111 96 116
111 101 138
111 102 204
111 104 142
111 179 185
111 189 198
111 209 324
111 218 225
112 32 36
112 53 58
112 67 111
112 96 123
112 98 133
112 101 139
112 102 206
112 104 143
112 105 144
112 172 184
112 197 199
112 209 229
113 21 49
113 36 54
113 81 123
113 86 124
113 91 132
113 92 135
114 12 50
114 21 40
114 39 179
114 48 222
114 54 218
114 60 115
114 65 116
114 79 128
114 85 130
114 91 138
114 92 204
114 94 111
114 144 180
115 13 50
115 20 40
115 27 109
115 31 41
115 34 83
115 60 114
115 64 116
115 67 117
115 69 121
115 71 122
115 77 128
115 85 131
115 90 138
115 106 161
115 143 180
115 147 202
115 178 186
115 203 204
115 218 238
115 230 233
115 324 326
116 2 40
116 4 50
116 5 230
116 48 215
116 63 122
116 64 115
116 65 114
116 67 123
116 77 130
116 79 131
116 96 111
116 138 200
116 142 203
116 179 187
116 180 206
116 204 252
116 323 324
117 7 41
117 13 234
117 20 36
117 26 34
117 49 233
117 56 220
117 57 227
117 64 123
117 67 115
117 71 124
117 90 139
117 93 148
117 122 251
117 142 180
117 153 202
117 177 186
117 181 201
117 195 199
117 203 206
117 229 326
117 236 314
118 10 41
118 22 56
118 24 202
118 73 126
118 102 108
118 141 180
118 175 186
119 7 234
119 13 41
119 18 281
119 19 134
119 26 130
119 29 211
119 31 50
119 35 263
119 70 124
119 120 282
119 121 270
119 140 255
120 15 41
120 29 57
120 34 75
120 35 180
120 72 125
120 84 134
120 93 150
120 97 160
120 106 163
120 119 282
120 121 300
121 7 230
121 14 41
121 16 34
121 18 290
121 29 238
121 31 49
121 35 261
121 69 115
121 83 132
121 110 298
121 119 270
121 120 300
122 7 41
122 14 230
122 23 40
122 50 221
122 56 236
122 63 116
122 67 124
122 71 115
122 83 134
122 90 142
122 106 164
122 117 251
122 139 180
122 153 181
122 179 188
122 186 205
122 200 204
122 201 202
122 211 324
122 220 314
123 2 36
123 4 234
123 5 49
123 53 237
123 63 124
123 64 117
123 67 116
123 78 132
123 81 113
123 92 144
123 96 112
123 133 232
123 139 200
123 143 203
123 180 204
123 193 199
123 206 252
123 229 323
124 14 49
124 23 36
124 26 134
124 28 133
124 31 41
124 63 123
124 67 122
124 70 119
124 71 117
124 78 135
124 86 113
124 90 143
124 91 144
124 93 156
124 138 180
124 147 181
124 200 206
124 211 229
124 221 234
125 30 57
125 41 46
125 72 120
125 90 150
125 96 160
125 106 167
126 3 41
126 24 90
126 26 136
126 29 56
126 73 118
126 83 137
126 107 108
126 141 181
126 173 186
127 25 28
127 30 237
127 33 58
127 43 51
127 92 157
127 155 255
127 158 184
128 2 50
128 4 40
128 19 204
128 20 249
128 64 130
128 65 131
128 77 115
128 79 114
128 142 303
129 8 40
129 32 48
129 88 142
129 104 109
129 179 189
129 185 198
130 2 249
130 13 40
130 19 142
130 20 50
130 26 119
130 60 131
130 64 128
130 70 134
130 77 116
130 85 114
131 12 40
131 21 50
131 60 130
131 65 128
131 79 116
131 85 115
132 2 242
132 14 36
132 16 139
132 23 49
132 34 69
132 63 135
132 78 123
132 83 121
132 86 144
132 91 113
133 11 36
133 23 53
133 26 140
133 28 124
133 62 134
133 98 112
133 101 168
133 123 232
133 172 188
133 190 199
134 7 36
134 18 89
134 19 119
134 20 41
134 23 29
134 26 142
134 26 124
134 28 140
134 31 40
134 34 180
134 34 71
134 35 75
134 62 133
134 70 130
134 83 143
134 83 122
134 84 120
134 146 182
135 2 49
135 5 36
135 16 206
135 23 242
135 63 132
135 78 124
135 81 144
135 92 113
136 3 40
136 16 264
136 20 220
136 24 83
136 26 126
136 27 292
136 36 56
136 67 137
136 82 269
136 182 288
137 3 36
137 19 277
137 23 236
137 24 26
137 28 284
137 40 56
137 67 136
137 76 256
137 83 126
138 14 218
138 23 40
138 26 34
138 29 31
138 45 224
138 50 211
138 63 204
138 67 139
138 71 142
138 73 147
138 90 115
138 91 114
138 97 161
138 101 111
138 116 200
138 124 180
138 221 324
138 223 316
139 0 224
139 3 236
139 5 242
139 6 228
139 7 29
139 11 53
139 15 227
139 16 132
139 23 36
139 34 83
139 63 206
139 67 138
139 71 143
139 72 148
139 73 153
139 90 117
139 98 168
139 101 112
139 103 110
139 107 205
139 122 180
139 123 200
139 142 251
139 172 190
139 188 199
139 211 234
139 220 327
139 221 229
139 223 318
139 288 309
140 7 53
140 11 29
140 18 279
140 26 133
140 28 134
140 35 285
140 62 142
140 119 255
141 3 22
141 10 29
141 61 288
141 102 173
141 107 175
141 118 180
141 126 181
141 150 304
142 0 223
142 1 48
142 3 220
142 4 249
142 7 29
142 13 324
142 19 130
142 20 40
142 26 134
142 50 326
142 62 140
142 64 204
142 67 143
142 71 138
142 73 201
142 88 129
142 90 122
142 97 164
142 104 111
142 107 177
142 116 203
142 117 180
142 128 303
142 139 251
142 179 195
142 183 198
142 218 233
142 224 318
142 230 238
142 236 327
143 13 229
143 20 36
143 29 31
143 44 228
143 45 223
143 49 238
143 60 144
143 64 206
143 67 142
143 71 139
143 72 156
143 83 134
143 90 124
143 104 112
143 107 178
143 115 180
143 123 203
143 224 316
143 234 326
144 12 229
144 21 36
144 39 199
144 49 54
144 60 143
144 65 206
144 81 135
144 86 132
144 91 124
144 92 123
144 105 112
144 114 180
145 30 44
145 31 37
145 39 166
145 66 148
145 71 152
145 95 161
146 0 31
146 7 45
146 18 71
146 34 89
146 61 147
146 68 153
146 134 182
146 177 192
146 178 194
147 9 45
147 22 31
147 44 226
147 61 146
147 67 153
147 71 201
147 73 138
147 94 161
147 115 202
147 124 181
147 156 185
147 176 192
147 178 196
147 316 320
148 0 217
148 2 239
148 6 37
148 7 30
148 39 164
148 46 227
148 65 153
148 66 145
148 71 156
148 72 139
148 93 117
148 95 162
148 105 205
148 152 244
148 177 193
148 185 201
148 219 236
148 245 248
149 8 30
149 12 240
149 18 262
149 22 52
149 22 322
149 27 169
149 33 215
149 35 307
149 65 154
149 155 278
149 165 298
149 171 189
150 15 30
150 22 266
150 25 302
150 29 46
150 90 125
150 93 120
150 96 163
150 97 167
150 141 304
150 151 319
150 152 276
151 4 22
151 8 240
151 12 30
151 18 283
151 19 158
151 24 253
151 25 79
151 29 274
151 43 209
151 150 319
151 154 275
151 155 185
151 157 254
151 175 268
152 6 30
152 7 37
152 22 294
152 25 207
152 39 162
152 61 305
152 66 156
152 71 145
152 95 164
152 148 244
152 150 276
153 0 9
153 6 213
153 7 22
153 10 236
153 21 239
153 37 294
153 43 248
153 65 148
153 67 147
153 68 146
153 73 139
153 102 205
153 117 202
153 122 181
153 159 207
153 164 187
153 176 194
153 177 196
153 201 250
153 201 251
153 214 227
153 220 321
153 318 320
154 4 240
154 8 22
154 17 306
154 24 271
154 27 171
154 30 52
154 33 222
154 65 149
154 151 275
154 169 189
154 174 280
155 4 30
155 12 22
155 18 258
155 19 25
155 24 301
155 35 296
155 43 208
155 52 240
155 79 158
155 127 255
155 149 278
155 151 185
155 176 260
156 30 31
156 37 44
156 39 161
156 66 152
156 71 148
156 72 143
156 93 124
156 95 166
156 105 178
156 147 185
156 217 316
157 22 246
157 22 216
157 25 184
157 28 158
157 33 51
157 43 58
157 92 127
157 151 254
158 2 22
158 17 159
158 19 151
158 21 30
158 24 80
158 25 185
158 25 92
158 28 157
158 32 43
158 33 42
158 35 247
158 79 155
158 94 169
158 95 170
158 96 171
158 99 175
158 127 184
158 169 193
158 171 196
158 241 245
159 2 213
159 17 158
159 21 37
159 38 42
159 80 256
159 95 171
159 153 207
159 170 196
159 239 289
160 33 57
160 41 47
160 90 163
160 93 167
160 96 125
160 97 120
161 31 33
161 38 44
161 39 156
161 66 162
161 71 164
161 94 147
161 95 145
161 97 138
161 106 115
161 178 197
161 210 316
162 6 33
162 7 38
162 39 152
162 43 289
162 66 161
162 71 166
162 95 148
162 163 273
162 164 244
162 169 207
163 15 33
163 29 47
163 72 167
163 90 160
163 96 150
163 106 120
163 162 273
163 169 235
163 173 297
164 0 210
164 6 38
164 7 33
164 39 148
164 66 166
164 71 161
164 92 177
164 94 201
164 95 152
164 97 142
164 106 122
164 153 187
164 162 244
164 197 205
164 212 220
165 5 33
165 16 169
165 22 231
165 43 54
165 81 171
165 149 298
165 174 197
166 31 38
166 33 44
166 39 145
166 66 164
166 71 162
166 95 156
167 25 100
167 30 47
167 33 46
167 35 39
167 72 163
167 74 169
167 93 160
167 97 150
167 106 125
168 32 53
168 36 58
168 98 139
168 101 133
168 172 197
168 184 199
169 2 245
169 2 33
169 16 165
169 18 191
169 21 43
169 22 42
169 22 241
169 25 39
169 25 102
169 27 149
169 30 32
169 35 100
169 65 171
169 74 167
169 81 174
169 87 176
169 94 158
169 154 189
169 158 193
169 162 207
169 163 235
169 171 197
169 239 248
170 17 171
170 21 38
170 27 306
170 32 226
170 37 42
170 95 158
170 99 269
170 159 196
170 177 207
170 191 305
171 2 43
171 16 174
171 17 170
171 21 33
171 22 32
171 24 99
171 25 187
171 25 105
171 27 154
171 30 42
171 65 169
171 80 175
171 81 165
171 95 159
171 96 158
171 149 189
171 158 196
171 169 197
172 36 51
172 42 53
172 112 184
172 133 188
172 139 190
172 168 197
173 3 43
173 29 55
173 73 175
173 102 141
173 108 180
173 126 186
173 163 297
174 5 43
174 16 171
174 22 225
174 33 54
174 81 169
174 154 280
174 165 197
174 245 325
175 10 43
175 22 55
175 24 196
175 73 173
175 80 171
175 99 158
175 107 141
175 108 181
175 118 186
175 151 268
176 0 248
176 7 243
176 9 43
176 18 102
176 22 59
176 25 191
176 61 177
176 68 178
176 87 169
176 147 192
176 153 194
176 155 260
176 217 245
177 0 59
177 7 43
177 22 248
177 38 289
177 42 239
177 55 220
177 61 176
177 67 178
177 92 164
177 102 201
177 107 142
177 117 186
177 146 192
177 148 193
177 153 196
177 170 207
177 205 251
178 31 43
178 45 59
178 67 177
178 68 176
178 71 205
178 105 156
178 107 143
178 115 186
178 146 194
178 147 196
178 161 197
179 39 114
179 40 42
179 48 52
179 109 183
179 111 185
179 116 187
179 122 188
179 129 189
179 142 195
179 180 199
179 193 204
179 208 324
179 230 231
180 3 56
180 29 41
180 34 134
180 35 120
180 36 40
180 49 218
180 50 229
180 73 181
180 89 182
180 107 186
180 108 173
180 114 144
180 115 143
180 116 206
180 117 142
180 118 141
180 122 139
180 123 204
180 124 138
180 179 199
180 234 324
180 314 327
181 10 56
181 22 41
181 73 180
181 93 185
181 102 186
181 106 187
181 108 175
181 117 201
181 122 153
181 124 147
181 126 141
181 202 250
181 314 321
182 0 40
182 16 290
182 18 34
182 20 223
182 27 293
182 36 45
182 84 257
182 89 180
182 134 146
182 136 288
183 1 42
183 20 52
183 85 275
183 88 185
183 104 189
183 109 179
183 142 198
184 21 246
184 25 157
184 28 185
184 32 51
184 42 58
184 98 188
184 101 190
184 112 172
184 127 158
184 168 199
185 8 52
185 22 30
185 25 158
185 28 184
185 32 42
185 37 226
185 39 94
185 65 250
185 88 183
185 93 181
185 96 187
185 102 193
185 104 195
185 105 196
185 111 179
185 129 198
185 147 156
185 148 201
185 151 155
185 208 209
185 217 320
185 219 321
186 41 43
186 55 56
186 93 193
186 102 181
186 106 197
186 107 180
186 115 178
186 117 177
186 118 175
186 122 205
186 126 173
186 196 202
187 2 42
187 5 231
187 9 210
187 22 33
187 25 171
187 38 213
187 39 65
187 51 216
187 52 215
187 63 188
187 92 196
187 94 250
187 96 185
187 102 197
187 106 181
187 116 179
187 153 164
187 193 252
187 195 203
187 199 206
187 208 323
187 212 321
188 11 51
188 14 231
188 23 42
188 63 187
188 90 195
188 91 196
188 98 184
188 101 197
188 122 179
188 133 172
188 139 199
188 193 200
188 208 211
189 8 42
189 27 197
189 32 52
189 88 195
189 104 183
189 111 198
189 129 179
189 149 171
189 154 169
190 11 42
190 21 299
190 23 51
190 98 197
190 101 184
190 133 199
190 139 172
190 193 232
191 2 210
191 9 42
191 18 169
191 19 260
191 21 59
191 25 176
191 27 262
191 39 87
191 100 257
191 170 305
191 241 320
192 31 59
192 43 45
192 67 194
192 68 196
192 146 177
192 147 176
193 2 42
193 4 208
193 22 245
193 30 43
193 39 92
193 51 237
193 59 217
193 64 195
193 65 196
193 93 186
193 96 197
193 102 185
193 123 199
193 148 177
193 158 169
193 179 204
193 187 252
193 188 200
193 190 232
193 260 283
194 0 43
194 7 59
194 18 205
194 22 243
194 61 196
194 67 192
194 146 178
194 153 176
195 1 52
195 13 208
195 20 42
195 60 196
195 64 193
195 88 189
195 90 188
195 104 185
195 109 198
195 117 199
195 142 179
195 187 203
195 231 238
196 9 59
196 11 299
196 12 208
196 21 42
196 22 43
196 24 175
196 54 231
196 55 321
196 58 246
196 60 195
196 61 194
196 65 193
196 68 192
196 91 188
196 92 187
196 94 197
196 102 250
196 105 185
196 147 178
196 153 177
196 158 171
196 159 170
196 186 202
196 201 205
196 275 313
197 27 189
197 32 42
197 33 43
197 39 105
197 51 58
197 94 196
197 96 193
197 98 190
197 101 188
197 102 187
197 106 186
197 112 199
197 161 178
197 164 205
197 165 174
197 168 172
197 169 171
197 225 231
198 40 52
198 42 48
198 109 195
198 111 189
198 129 185
198 142 183
199 36 42
199 39 144
199 51 53
199 112 197
199 117 195
199 123 193
199 133 190
199 139 188
199 168 184
199 179 180
199 187 206
199 208 234
200 2 23
200 4 211
200 11 237
200 16 78
200 49 242
200 63 252
200 64 90
200 65 91
200 71 203
200 75 302
200 96 101
200 116 138
200 122 204
200 123 139
200 124 206
200 188 193
200 221 323
201 0 320
201 6 226
201 7 22
201 9 318
201 10 220
201 18 61
201 59 243
201 71 147
201 73 142
201 94 164
201 102 177
201 117 181
201 122 202
201 148 185
201 153 250
201 153 251
201 196 205
201 236 321
202 10 314
202 22 41
202 24 118
202 56 321
202 57 214
202 65 93
202 73 90
202 94 106
202 115 147
202 117 153
202 122 201
202 181 250
202 186 196
203 1 215
203 2 20
203 4 326
203 5 238
203 13 323
203 19 77
203 50 249
203 60 92
203 63 90
203 64 252
203 71 200
203 82 207
203 84 302
203 96 104
203 115 204
203 116 142
203 117 206
203 123 143
203 187 195
204 2 40
204 4 324
204 5 218
204 13 249
204 19 128
204 50 323
204 63 138
204 64 142
204 67 206
204 92 114
204 102 111
204 115 203
204 116 252
204 122 200
204 123 180
204 179 193
205 7 43
205 9 243
205 18 194
205 55 236
205 59 318
205 71 178
205 102 153
205 105 148
205 107 139
205 122 186
205 164 197
205 177 251
205 196 201
206 2 36
206 4 229
206 14 242
206 16 135
206 53 216
206 63 139
206 64 143
206 65 144
206 67 204
206 102 112
206 116 180
206 117 203
206 123 252
206 124 200
206 187 199
206 234 323
207 2 6
207 21 289
207 21 294
207 25 152
207 37 239
207 63 76
207 77 287
207 82 203
207 153 159
207 162 169
207 170 177
207 232 286
207 235 273
207 276 302
208 4 193
208 9 260
208 12 196
208 13 195
208 19 42
208 43 155
208 51 255
208 52 313
208 59 258
208 179 324
208 185 209
208 187 323
208 188 211
208 199 234
208 231 315
209 4 102
209 8 313
209 10 268
209 12 105
209 13 104
209 19 32
209 43 151
209 55 253
209 58 254
209 96 323
209 101 221
209 107 274
209 111 324
209 112 229
209 185 208
209 225 308
210 0 164
210 2 191
210 9 187
210 18 33
210 38 311
210 39 217
210 47 257
210 59 92
210 94 320
210 97 223
210 161 316
210 212 310
210 215 262
210 260 323
211 4 200
211 11 255
211 12 91
211 13 90
211 14 315
211 15 263
211 19 23
211 29 119
211 50 138
211 57 282
211 63 323
211 71 326
211 122 324
211 124 229
211 139 234
211 188 208
211 224 281
211 238 270
212 3 97
212 10 94
212 21 99
212 24 33
212 38 269
212 47 312
212 55 92
212 96 219
212 106 314
212 164 220
212 187 321
212 210 310
212 222 271
213 2 159
213 6 153
213 9 311
213 10 256
213 17 22
213 37 65
213 38 187
213 73 228
213 226 250
213 269 321
214 2 247
214 9 259
214 10 312
214 12 296
214 15 73
214 21 74
214 22 35
214 46 65
214 47 94
214 57 202
214 100 241
214 153 227
214 257 320
214 307 322
215 1 203
215 2 27
215 5 298
215 8 96
215 33 149
215 47 307
215 48 116
215 52 187
215 65 222
215 94 322
215 210 262
215 313 323
216 2 28
216 4 254
216 5 317
216 11 63
216 22 157
216 51 187
216 53 206
216 58 102
216 237 252
216 246 250
216 255 323
217 0 148
217 2 87
217 4 258
217 9 65
217 12 283
217 18 30
217 37 311
217 39 210
217 46 259
217 59 193
217 72 224
217 156 316
217 176 245
217 185 320
217 219 309
218 3 264
218 5 204
218 14 138
218 16 40
218 29 69
218 48 280
218 49 180
218 50 315
218 54 114
218 111 225
218 115 238
218 142 233
218 308 324
219 3 72
219 4 301
219 10 65
219 12 253
219 21 80
219 24 30
219 37 256
219 46 312
219 55 105
219 93 314
219 96 212
219 148 236
219 185 321
219 217 309
220 0 310
220 1 292
220 3 142
220 6 269
220 7 24
220 10 201
220 20 136
220 55 177
220 56 117
220 122 314
220 139 327
220 153 321
220 164 212
220 223 288
220 233 264
220 236 251
220 309 318
221 4 63
221 6 272
221 7 70
221 11 254
221 13 71
221 14 308
221 19 23
221 44 287
221 50 122
221 90 326
221 101 209
221 124 234
221 138 324
221 139 229
221 200 323
221 233 265
221 236 277
222 8 94
222 21 27
222 33 154
222 38 306
222 39 52
222 48 114
222 54 280
222 65 215
222 212 271
223 0 142
223 1 293
223 3 310
223 15 257
223 18 29
223 20 182
223 45 143
223 59 107
223 73 320
223 97 210
223 138 316
223 139 318
223 220 288
223 238 290
223 309 327
224 0 139
224 3 309
224 9 73
224 11 279
224 15 259
224 18 29
224 23 89
224 45 138
224 72 217
224 142 318
224 143 316
224 211 281
224 228 311
224 274 283
224 310 327
225 5 102
225 8 280
225 14 101
225 16 32
225 22 174
225 54 94
225 58 317
225 81 241
225 104 233
225 111 218
225 197 231
225 209 308
226 6 201
226 8 306
226 10 269
226 17 22
226 32 170
226 37 185
226 38 94
226 44 147
226 213 250
226 256 321
226 311 320
227 0 259
227 7 35
227 15 139
227 36 75
227 46 148
227 53 285
227 57 117
227 74 239
227 153 214
227 228 273
227 234 263
227 236 312
227 257 318
228 3 256
228 6 139
228 17 29
228 36 76
228 37 72
228 44 143
228 53 286
228 73 213
228 224 311
228 227 273
228 229 272
228 269 327
229 3 277
229 4 206
229 12 144
229 13 143
229 19 36
229 29 70
229 49 315
229 50 180
229 53 254
229 67 324
229 112 209
229 117 326
229 123 323
229 124 211
229 139 221
229 228 272
230 0 290
230 5 116
230 7 121
230 14 122
230 16 40
230 48 298
230 49 67
230 50 308
230 115 233
230 142 238
230 179 231
230 315 324
231 5 187
231 14 188
231 16 42
231 22 165
231 51 317
231 52 298
231 54 196
231 179 230
231 195 238
231 197 225
231 208 315
232 2 11
232 23 237
232 28 63
232 96 98
232 123 133
232 190 193
232 207 286
232 235 285
233 1 280
233 5 64
233 6 267
233 7 69
233 13 308
233 14 71
233 16 20
233 44 291
233 49 117
233 104 225
233 115 230
233 142 218
233 220 264
233 221 265
233 315 326
234 0 281
234 4 123
234 7 119
234 13 117
234 19 36
234 49 308
234 50 67
234 53 255
234 124 221
234 139 211
234 143 326
234 180 324
234 199 208
234 206 323
234 227 263
235 2 15
235 63 75
235 64 84
235 72 74
235 163 169
235 207 273
235 232 285
235 252 302
236 0 309
236 3 139
236 6 256
236 7 24
236 10 153
236 11 284
236 23 137
236 55 205
236 56 122
236 117 314
236 142 327
236 148 219
236 201 321
236 220 251
236 221 277
236 227 312
236 310 318
237 2 28
237 4 255
237 11 200
237 23 232
237 30 127
237 51 193
237 53 123
237 58 96
237 216 252
237 254 323
238 1 298
238 5 203
238 13 315
238 14 90
238 15 261
238 16 20
238 29 121
238 49 143
238 54 60
238 57 300
238 115 218
238 142 230
238 195 231
238 211 270
238 223 290
238 308 326
239 0 87
239 2 148
239 7 25
239 21 153
239 37 207
239 42 177
239 74 227
239 159 289
239 169 248
240 4 154
240 8 151
240 12 149
240 22 275
240 22 278
240 43 313
240 52 155
241 2 94
241 21 102
241 22 169
241 27 322
241 32 65
241 42 250
241 81 225
241 100 214
241 158 245
241 191 320
242 2 132
242 5 139
242 14 206
242 23 135
242 36 78
242 49 200
243 0 102
243 7 176
243 9 205
243 22 194
243 43 61
243 59 201
244 6 7
244 17 251
244 66 71
244 148 152
244 162 164
245 2 169
245 22 193
245 30 102
245 33 252
245 43 65
245 148 248
245 158 241
245 174 325
245 176 217
246 21 184
246 22 157
246 51 94
246 58 196
246 101 299
246 216 250
247 2 214
247 21 46
247 35 158
247 73 302
247 74 92
247 79 296
247 80 312
247 94 100
248 0 176
248 7 102
248 22 177
248 43 153
248 148 245
248 169 239
249 2 130
249 4 142
249 13 204
249 20 128
249 40 77
249 50 203
250 9 320
250 10 321
250 22 22
250 42 241
250 52 322
250 65 185
250 94 187
250 102 196
250 153 201
250 181 202
250 213 226
250 216 246
250 275 278
251 0 318
251 7 7
251 17 244
251 67 71
251 117 122
251 139 142
251 153 201
251 177 205
251 220 236
252 2 2
252 4 323
252 33 245
252 54 325
252 63 200
252 64 203
252 65 92
252 96 102
252 116 204
252 123 206
252 187 193
252 216 237
252 235 302
252 297 304
253 3 274
253 4 10
253 12 219
253 19 80
253 24 151
253 55 209
253 283 309
254 4 216
254 11 221
254 19 28
254 53 229
254 58 209
254 62 70
254 151 157
254 237 323
254 272 286
254 277 284
254 308 317
255 4 237
255 11 211
255 19 28
255 51 208
255 53 234
255 119 140
255 127 155
255 216 323
255 263 285
255 279 281
255 315 317
256 3 228
256 6 236
256 10 213
256 17 24
256 37 219
256 76 137
256 80 159
256 226 321
256 272 277
256 284 286
256 309 311
257 15 223
257 18 35
257 47 210
257 84 182
257 100 191
257 214 320
257 227 318
257 261 290
257 262 307
257 310 312
258 4 217
258 9 12
258 18 155
258 19 87
258 59 208
258 259 296
258 301 309
259 0 227
259 9 214
259 15 224
259 18 35
259 46 217
259 74 87
259 75 89
259 258 296
259 263 281
259 279 285
259 309 312
260 9 208
260 12 59
260 19 191
260 155 176
260 193 283
260 210 323
260 262 313
261 14 57
261 15 238
261 16 84
261 35 121
261 257 290
261 263 270
261 282 315
262 9 52
262 18 149
262 27 191
262 210 215
262 257 307
262 260 313
262 305 306
262 320 322
263 13 57
263 15 211
263 19 75
263 35 119
263 227 234
263 255 285
263 259 281
263 261 270
263 300 315
264 3 218
264 16 136
264 24 69
264 49 56
264 220 233
264 267 269
264 280 292
265 13 14
265 69 70
265 85 86
265 90 315
265 221 233
265 267 272
265 287 291
266 3 304
266 4 319
266 15 65
266 21 302
266 22 150
266 46 73
266 276 294
267 6 233
267 14 44
267 16 82
267 17 69
267 264 269
267 265 272
267 287 308
268 4 55
268 10 209
268 19 99
268 105 301
268 151 175
268 271 313
269 6 220
269 10 226
269 17 24
269 38 212
269 82 136
269 99 170
269 213 321
269 228 327
269 264 267
269 271 306
269 310 311
270 13 14
270 71 308
270 77 78
270 119 121
270 211 238
270 261 263
270 282 300
271 8 10
271 24 154
271 27 99
271 212 222
271 268 313
271 269 306
271 304 307
272 6 221
272 13 44
272 17 70
272 19 76
272 228 229
272 254 286
272 256 277
272 265 267
272 291 308
273 6 15
273 75 76
273 162 163
273 207 235
273 227 228
273 285 286
273 291 300
274 3 253
274 4 73
274 12 72
274 29 151
274 46 319
274 107 209
274 224 283
275 12 52
275 22 240
275 85 183
275 151 154
275 196 313
275 250 278
276 6 15
276 82 84
276 150 152
276 207 302
276 266 294
276 282 287
277 3 229
277 19 137
277 24 70
277 50 56
277 221 236
277 254 284
277 256 272
278 4 8
278 12 322
278 13 295
278 22 240
278 77 88
278 102 313
278 149 155
278 250 275
278 296 307
279 0 53
279 11 224
279 18 140
279 28 89
279 255 281
279 259 285
280 1 233
280 8 225
280 16 27
280 48 218
280 54 222
280 69 103
280 154 174
280 264 292
280 308 313
281 0 234
281 18 119
281 19 89
281 45 50
281 211 224
281 255 279
281 259 263
282 13 15
282 19 84
282 57 211
282 60 319
282 77 302
282 119 120
282 261 315
282 270 300
282 276 287
283 4 9
283 12 217
283 18 151
283 79 87
283 193 260
283 224 274
283 253 309
284 3 53
284 11 236
284 24 62
284 28 137
284 254 277
284 256 286
285 11 15
285 28 75
285 35 140
285 53 227
285 232 235
285 255 263
285 259 279
285 273 286
285 300 317
286 6 11
286 17 62
286 28 76
286 53 228
286 207 232
286 254 272
286 256 284
286 273 285
286 291 317
287 6 13
287 19 82
287 44 221
287 66 70
287 77 207
287 265 291
287 267 308
287 276 282
288 0 3
288 61 141
288 136 182
288 139 309
288 220 223
288 292 293
289 6 92
289 21 207
289 38 177
289 43 162
289 159 239
290 0 230
290 16 182
290 18 121
290 45 49
290 223 238
290 257 261
290 293 298
291 6 14
291 16 76
291 44 233
291 66 69
291 265 287
291 272 308
291 273 300
291 286 317
292 1 220
292 3 48
292 24 103
292 27 136
292 264 280
292 288 293
293 0 48
293 1 223
293 18 110
293 27 182
293 288 292
293 290 298
294 0 305
294 6 65
294 21 207
294 22 152
294 37 153
294 266 276
295 1 102
295 2 88
295 8 64
295 13 278
295 60 322
296 4 46
296 12 214
296 19 74
296 35 155
296 73 319
296 79 247
296 258 259
296 278 307
296 301 312
297 47 55
297 74 80
297 92 312
297 163 173
297 252 304
298 1 238
298 5 215
298 16 27
298 48 230
298 52 231
298 110 121
298 149 165
298 290 293
298 313 315
299 11 196
299 21 190
299 51 91
299 101 246
300 14 15
300 16 75
300 57 238
300 78 302
300 120 121
300 263 315
300 270 282
300 273 291
300 285 317
301 4 219
301 10 12
301 24 155
301 79 80
301 105 268
301 258 309
301 296 312
302 2 15
302 21 266
302 25 150
302 73 247
302 75 200
302 77 282
302 78 300
302 79 319
302 84 203
302 97 100
302 207 276
302 235 252
303 2 326
303 4 20
303 19 64
303 128 142
304 3 266
304 10 46
304 65 312
304 99 100
304 141 150
304 252 297
304 271 307
305 0 294
305 9 37
305 61 152
305 65 311
305 170 191
305 262 306
306 8 226
306 17 154
306 27 170
306 37 52
306 38 222
306 262 305
306 269 271
307 8 46
307 27 100
307 35 149
307 47 215
307 214 322
307 257 262
307 271 304
307 278 296
308 4 5
308 13 233
308 14 221
308 16 19
308 49 234
308 50 230
308 71 270
308 209 225
308 218 324
308 238 326
308 254 317
308 267 287
308 272 291
308 280 313
309 0 236
309 3 224
309 9 10
309 18 24
309 139 288
309 217 219
309 220 318
309 223 327
309 253 283
309 256 311
309 258 301
309 259 312
309 320 321
310 0 220
310 3 223
310 9 321
310 10 320
310 18 24
310 55 59
310 210 212
310 224 327
310 236 318
310 257 312
310 269 311
311 0 6
311 9 213
311 17 18
311 37 217
311 38 210
311 44 316
311 65 305
311 224 228
311 226 320
311 256 309
311 269 310
312 3 15
312 10 214
312 24 35
312 46 219
312 47 212
312 57 314
312 65 304
312 80 247
312 92 297
312 227 236
312 257 310
312 259 309
312 296 301
313 1 13
313 8 209
313 19 27
313 43 240
313 48 324
313 52 208
313 102 278
313 196 275
313 215 323
313 260 262
313 268 271
313 280 308
313 298 315
314 3 90
314 10 202
314 24 41
314 57 312
314 93 219
314 106 212
314 117 236
314 122 220
314 180 327
314 181 321
315 5 323
315 12 54
315 13 238
315 14 211
315 16 19
315 49 229
315 50 218
315 90 265
315 208 231
315 230 324
315 233 326
315 255 317
315 261 282
315 263 300
315 298 313
316 0 71
316 18 31
316 44 311
316 67 318
316 138 223
316 143 224
316 147 320
316 156 217
316 161 210
317 5 216
317 11 14
317 16 28
317 51 231
317 58 225
317 254 308
317 255 315
317 285 300
317 286 291
318 0 251
318 7 18
318 9 201
318 45 71
318 59 205
318 67 316
318 139 223
318 142 224
318 153 320
318 220 309
318 227 257
318 236 310
319 4 266
319 12 15
319 46 274
319 60 282
319 73 296
319 79 302
319 150 151
320 0 201
320 9 250
320 10 310
320 18 22
320 59 102
320 73 223
320 94 210
320 147 316
320 153 318
320 185 217
320 191 241
320 214 257
320 226 311
320 262 322
320 309 321
321 9 310
321 10 250
321 22 24
321 55 196
321 56 202
321 73 327
321 153 220
321 181 314
321 185 219
321 187 212
321 201 236
321 213 269
321 226 256
321 309 320
322 8 65
322 12 278
322 22 149
322 27 241
322 52 250
322 60 295
322 94 215
322 214 307
322 262 320
323 2 19
323 4 252
323 5 315
323 12 92
323 13 203
323 50 204
323 63 211
323 64 326
323 96 209
323 116 324
323 123 229
323 187 208
323 200 221
323 206 234
323 210 260
323 215 313
323 216 255
323 237 254
324 4 204
324 13 142
324 19 40
324 48 313
324 67 229
324 111 209
324 115 326
324 116 323
324 122 211
324 138 221
324 179 208
324 180 234
324 218 308
324 230 315
325 2 81
325 5 65
325 54 252
325 174 245
326 2 303
326 4 203
326 19 20
326 50 142
326 64 323
326 71 211
326 90 221
326 115 324
326 117 229
326 143 234
326 233 315
326 238 308
327 24 29
327 56 90
327 73 321
327 139 220
327 142 236
327 180 314
327 223 309
327 224 310
327 228 269
