193 16 48 17 1165
0 1 2 3 4 5 6 7 8 9 10 11 12 13 14 15 16 17 23 24 26 28 29 36 37 39 40 44 45 46 47 48 49 50 51 52 53 54 55 56 57 58 59 60 61 62 63 64
18 19 20 21 22 25 27 30 31 32 33 34 35 38 41 42 43
16 1 15
16 2 112
16 3 78
16 5 91
16 8 99
16 13 116
16 17 139
16 17 118
16 18 21
16 19 114
16 20 70
16 22 66
16 23 89
16 27 32
16 29 107
16 34 92
16 37 87
16 41 48
16 49 80
16 54 101
16 60 73
16 69 191
16 71 170
16 163 184
17 2 88
17 5 111
17 6 10
17 12 90
17 15 160
17 16 139
17 16 118
17 18 22
17 21 66
17 24 86
17 26 173
17 33 109
17 40 42
17 45 104
17 60 100
17 65 156
17 133 158
18 1 81
18 2 8
18 3 80
18 6 82
18 10 96
18 12 86
18 14 162
18 15 105
18 16 21
18 17 22
18 20 188
18 22 170
18 24 90
18 26 156
18 28 77
18 47 110
18 49 78
18 54 191
18 65 117
18 65 173
18 66 139
18 66 71
18 69 101
18 73 111
18 76 87
18 91 100
18 95 109
18 130 134
18 144 148
19 0 14
19 1 93
19 10 97
19 13 94
19 16 114
19 20 23
19 28 74
19 29 68
19 32 35
19 34 95
19 48 98
19 70 89
19 70 189
19 71 103
19 125 149
20 0 85
20 1 13
20 4 79
20 11 113
20 13 155
20 14 84
20 15 116
20 16 70
20 18 188
20 19 23
20 28 75
20 30 103
20 31 33
20 64 175
20 68 72
20 68 87
20 98 120
20 114 189
20 122 168
21 1 105
21 2 99
21 3 49
21 5 100
21 8 112
21 15 81
21 16 18
21 17 66
21 22 118
21 22 71
21 25 30
21 31 67
21 37 76
21 54 69
21 60 111
21 70 188
21 123 152
22 5 73
22 6 96
22 8 88
22 10 82
22 12 24
22 16 66
22 17 18
22 18 170
22 21 118
22 21 71
22 23 25
22 26 65
22 33 95
22 52 92
22 60 91
22 76 102
22 117 156
22 125 147
23 0 84
23 1 94
23 5 44
23 13 93
23 14 85
23 16 89
23 19 20
23 22 25
23 26 27
23 29 72
23 30 71
23 41 102
23 42 43
23 70 114
23 74 75
23 154 192
24 7 26
24 8 158
24 10 148
24 12 22
24 14 159
24 15 145
24 17 86
24 18 90
24 96 144
25 21 30
25 22 23
25 27 65
25 31 34
25 41 76
25 44 73
26 7 24
26 15 119
26 17 173
26 18 156
26 22 65
26 23 27
26 31 72
26 32 89
26 33 68
26 35 70
26 117 170
27 16 32
27 23 26
27 25 65
27 29 31
27 35 114
27 47 54
27 62 121
27 110 191
28 8 9
28 18 77
28 19 74
28 20 75
28 37 38
28 51 117
28 56 97
28 63 79
28 67 110
29 0 11
29 3 161
29 7 106
29 16 107
29 19 68
29 23 72
29 27 31
29 30 120
29 34 65
29 37 189
29 41 180
29 42 46
29 62 177
29 69 77
29 98 103
29 165 166
30 20 103
30 21 25
30 23 71
30 29 120
30 32 117
30 34 67
30 37 41
30 40 104
30 42 45
30 47 83
30 48 87
30 59 113
30 61 108
30 89 170
30 180 189
31 20 33
31 21 67
31 25 34
31 26 72
31 27 29
31 32 107
31 38 40
31 121 177
32 16 27
32 19 35
32 26 89
32 30 117
32 31 107
32 38 39
32 47 101
32 69 110
32 94 119
33 10 36
33 17 109
33 20 31
33 22 95
33 26 68
33 35 37
33 39 74
33 143 159
34 0 128
34 5 50
34 9 108
34 12 106
34 16 92
34 19 95
34 25 31
34 29 65
34 30 67
34 51 69
34 52 66
34 77 83
34 143 167
35 4 53
35 13 119
35 19 32
35 26 70
35 27 114
35 33 37
35 40 75
35 145 151
36 6 109
36 10 33
36 14 178
36 39 56
36 82 95
37 3 55
37 9 115
37 16 87
37 21 76
37 28 38
37 29 189
37 30 41
37 33 35
37 43 83
37 68 70
37 71 102
37 183 187
38 8 115
38 28 37
38 31 40
38 32 39
38 45 52
39 32 38
39 33 74
39 36 56
39 41 51
40 17 42
40 30 104
40 31 38
40 35 75
40 53 63
40 76 110
41 16 48
41 23 102
41 25 76
41 29 180
41 30 37
41 39 51
41 43 47
41 98 114
41 120 189
42 17 40
42 23 43
42 29 46
42 30 45
42 47 102
43 23 42
43 37 83
43 41 47
43 45 71
43 46 72
44 5 23
44 25 73
44 84 135
44 89 91
44 94 153
45 12 58
45 17 104
45 30 42
45 38 52
45 43 71
45 46 120
45 65 131
45 83 102
46 13 64
46 29 42
46 43 72
46 45 120
46 67 131
46 155 175
47 2 61
47 18 110
47 27 54
47 30 83
47 32 101
47 41 43
47 42 102
47 49 121
47 67 77
48 14 59
48 16 41
48 19 98
48 30 87
48 68 103
48 89 102
49 1 134
49 3 21
49 6 179
49 8 163
49 16 80
49 18 78
49 47 121
49 54 62
49 55 76
49 63 174
49 81 130
49 99 184
50 5 34
50 52 60
50 91 92
50 128 135
51 4 57
51 7 186
51 9 176
51 28 117
51 34 69
51 39 41
51 65 77
51 140 141
52 22 92
52 34 66
52 38 45
52 50 60
52 103 109
53 4 35
53 40 63
54 16 101
54 18 191
54 21 69
54 27 47
54 49 62
55 3 190
55 3 37
55 11 187
55 49 76
55 78 87
55 161 189
56 9 149
56 10 74
56 28 97
56 36 39
57 2 157
57 4 51
57 12 142
57 62 171
57 122 176
57 129 186
58 7 131
58 12 45
58 64 181
58 90 104
59 0 98
59 11 103
59 14 48
59 30 113
60 5 66
60 16 73
60 17 100
60 21 111
60 22 91
60 50 52
61 2 47
61 8 110
61 9 67
61 30 108
62 0 138
62 2 164
62 3 69
62 9 165
62 27 121
62 29 177
62 49 54
62 57 171
62 77 161
62 78 191
62 80 101
63 4 75
63 8 168
63 28 79
63 40 53
63 49 174
64 13 46
64 20 175
64 58 181
65 2 176
65 7 12
65 11 128
65 17 156
65 18 117
65 18 173
65 22 26
65 25 27
65 29 34
65 45 131
65 51 77
65 67 120
65 68 95
65 69 83
65 92 107
65 122 157
65 133 185
66 5 60
66 16 22
66 17 21
66 18 139
66 18 71
66 34 52
66 81 160
66 88 99
66 145 172
67 9 61
67 21 31
67 28 110
67 30 34
67 46 131
67 47 77
67 65 120
67 151 181
68 11 14
68 19 29
68 20 72
68 20 87
68 26 33
68 37 70
68 48 103
68 65 95
68 71 98
68 76 188
68 84 113
68 109 173
69 3 62
69 16 191
69 18 101
69 21 54
69 29 77
69 32 110
69 34 51
69 65 83
69 102 131
69 108 176
69 124 150
69 164 184
70 13 15
70 16 20
70 19 89
70 19 189
70 21 188
70 23 114
70 26 35
70 37 68
70 98 102
70 116 155
71 16 170
71 18 66
71 19 103
71 21 22
71 23 30
71 37 102
71 43 45
71 68 98
71 72 120
72 11 84
72 20 68
72 23 29
72 26 31
72 43 46
72 71 120
72 89 107
73 5 22
73 16 60
73 18 111
73 25 44
73 100 118
74 10 56
74 19 28
74 23 75
74 33 39
74 83 109
74 124 146
75 4 63
75 20 28
75 23 74
75 35 40
75 77 188
75 123 136
76 18 87
76 21 37
76 22 102
76 25 41
76 40 110
76 49 55
76 68 188
76 113 162
77 2 9
77 3 177
77 12 186
77 18 28
77 29 69
77 34 83
77 47 67
77 51 65
77 62 161
77 75 188
77 126 138
77 129 142
78 1 130
78 2 163
78 3 16
78 18 49
78 55 87
78 62 191
78 82 179
78 110 121
78 112 166
79 4 20
79 9 168
79 28 63
80 3 18
80 8 184
80 15 134
80 16 49
80 62 101
81 1 18
81 2 123
81 13 188
81 15 21
81 49 130
81 66 160
81 86 172
82 6 18
82 8 147
82 10 22
82 12 148
82 36 95
82 78 179
82 96 170
82 128 178
83 2 108
83 15 175
83 30 47
83 34 77
83 37 43
83 45 102
83 65 69
83 74 109
83 101 117
84 0 23
84 1 192
84 11 72
84 14 20
84 44 135
84 68 113
84 94 127
84 155 182
84 162 188
85 0 20
85 13 154
85 14 23
85 93 182
86 6 148
86 7 173
86 8 133
86 12 18
86 17 24
86 81 172
86 145 160
87 14 113
87 16 37
87 18 76
87 20 68
87 30 48
87 55 78
87 102 170
88 2 17
88 8 22
88 10 147
88 12 158
88 66 99
88 90 140
88 112 118
88 156 176
89 15 94
89 16 23
89 19 70
89 26 32
89 30 170
89 44 91
89 48 102
89 72 107
90 2 158
90 7 156
90 10 144
90 12 17
90 18 24
90 58 104
90 88 140
90 105 145
90 159 162
91 5 16
91 15 153
91 18 100
91 22 60
91 44 89
91 50 92
91 111 118
92 16 34
92 22 52
92 50 91
92 65 107
93 1 19
93 13 23
93 14 154
93 15 114
93 85 182
94 0 192
94 1 23
94 13 19
94 15 89
94 32 119
94 44 153
94 84 127
95 14 128
95 18 109
95 19 34
95 22 33
95 36 82
95 65 68
96 2 125
96 6 22
96 10 18
96 24 144
96 82 170
97 8 149
97 10 19
97 28 56
98 0 59
98 19 48
98 20 120
98 29 103
98 41 114
98 68 71
98 70 102
98 172 181
99 1 169
99 2 21
99 8 16
99 15 123
99 49 184
99 66 88
100 5 21
100 17 60
100 18 91
100 73 118
100 105 153
101 16 54
101 18 69
101 32 47
101 62 80
101 83 117
102 22 76
102 23 41
102 37 71
102 42 47
102 45 83
102 48 89
102 69 131
102 70 98
102 87 170
103 11 59
103 19 71
103 20 30
103 29 98
103 48 68
103 52 109
103 114 180
104 17 45
104 30 40
104 58 90
104 131 156
105 1 21
105 2 169
105 3 134
105 8 152
105 15 18
105 90 145
105 100 153
105 119 156
106 0 143
106 7 29
106 12 34
107 16 29
107 31 32
107 65 92
107 72 89
108 2 83
108 9 34
108 30 61
108 69 176
108 124 128
108 152 175
109 6 36
109 17 33
109 18 95
109 52 103
109 68 173
109 74 83
109 128 162
110 8 61
110 18 47
110 27 191
110 28 67
110 32 69
110 40 76
110 78 121
111 5 17
111 18 73
111 21 60
111 91 118
112 1 152
112 2 16
112 3 163
112 8 21
112 78 166
112 88 118
113 11 20
113 14 87
113 30 59
113 68 84
113 76 162
114 15 93
114 16 19
114 20 189
114 23 70
114 27 35
114 41 98
114 103 180
115 8 38
115 9 37
116 13 16
116 15 20
116 70 155
117 8 176
117 18 65
117 22 156
117 26 170
117 28 51
117 30 32
117 83 101
118 16 17
118 21 22
118 73 100
118 88 112
118 91 111
119 7 145
119 13 35
119 15 26
119 32 94
119 105 156
119 160 173
120 20 98
120 29 30
120 41 189
120 45 46
120 65 67
120 71 72
121 27 62
121 31 177
121 47 49
121 78 110
122 4 9
122 20 168
122 57 176
122 65 157
122 142 185
123 1 8
123 2 81
123 15 99
123 21 152
123 75 136
124 0 9
124 69 150
124 74 146
124 108 128
124 126 164
125 2 96
125 8 10
125 19 149
125 22 147
126 0 161
126 3 11
126 77 138
126 124 164
126 130 132
126 150 184
126 187 190
127 0 1
127 84 94
127 135 153
128 0 34
128 11 65
128 12 143
128 14 95
128 50 135
128 82 178
128 108 124
128 109 162
128 150 176
129 4 7
129 57 186
129 77 142
130 1 78
130 3 15
130 18 134
130 49 81
130 126 132
130 152 166
130 182 187
131 7 58
131 45 65
131 46 67
131 69 102
131 104 156
132 11 15
132 126 130
133 2 12
133 8 86
133 17 158
133 65 185
133 142 157
134 1 49
134 3 105
134 15 80
134 18 130
134 169 184
135 0 5
135 44 84
135 50 128
135 127 153
136 9 13
136 75 123
136 141 151
137 4 10
138 0 62
138 11 177
138 77 126
139 1 160
139 16 17
139 18 66
140 2 12
140 7 176
140 9 186
140 51 141
140 88 90
140 144 147
141 7 9
141 51 140
141 136 151
142 12 57
142 77 129
142 122 185
142 133 157
143 0 106
143 7 11
143 12 128
143 33 159
143 34 167
143 148 178
143 150 185
144 6 12
144 10 90
144 18 148
144 24 96
144 140 147
145 7 119
145 15 24
145 35 151
145 66 172
145 86 160
145 90 105
145 158 169
146 2 162
146 8 14
146 74 124
146 158 159
147 2 6
147 8 82
147 10 88
147 22 125
147 140 144
148 6 86
148 10 24
148 12 82
148 18 144
148 143 178
149 8 97
149 9 56
149 19 125
150 2 11
150 69 124
150 126 184
150 128 176
150 143 185
150 166 183
151 7 13
151 35 145
151 67 181
151 136 141
152 1 112
152 2 15
152 8 105
152 21 123
152 108 175
152 130 166
153 1 5
153 15 91
153 44 94
153 100 105
153 127 135
154 0 1
154 13 85
154 14 93
154 23 192
154 167 172
155 13 20
155 46 175
155 70 116
155 84 182
156 7 90
156 17 65
156 18 26
156 22 117
156 88 176
156 104 131
156 105 119
156 158 185
157 2 57
157 65 122
157 133 142
157 164 171
158 2 90
158 8 24
158 12 88
158 17 133
158 145 169
158 146 159
158 156 185
159 14 24
159 33 143
159 90 162
159 146 158
160 1 139
160 15 17
160 66 81
160 86 145
160 119 173
161 0 126
161 2 165
161 3 29
161 9 164
161 55 189
161 62 77
162 2 146
162 14 18
162 76 113
162 84 188
162 90 159
162 109 128
163 2 78
163 3 112
163 8 49
163 16 184
163 164 191
163 168 174
164 2 62
164 9 161
164 69 184
164 124 126
164 157 171
164 163 191
165 2 161
165 9 62
165 29 166
166 2 3
166 9 177
166 29 165
166 78 112
166 130 152
166 150 183
167 0 12
167 34 143
167 154 172
168 8 63
168 9 79
168 20 122
168 163 174
169 1 99
169 2 105
169 8 15
169 134 184
169 145 158
170 16 71
170 18 22
170 26 117
170 30 89
170 82 96
170 87 102
171 57 62
171 157 164
172 1 12
172 66 145
172 81 86
172 98 181
172 154 167
173 7 86
173 17 26
173 18 65
173 68 109
173 119 160
174 49 63
174 163 168
175 15 83
175 20 64
175 46 155
175 108 152
176 2 65
176 7 140
176 8 117
176 9 51
176 12 185
176 57 122
176 69 108
176 88 156
176 128 150
177 3 77
177 9 166
177 11 138
177 29 62
177 31 121
178 14 36
178 82 128
178 143 148
179 6 49
179 78 82
180 29 41
180 30 189
180 103 114
181 58 64
181 67 151
181 98 172
182 13 14
182 84 155
182 85 93
182 130 187
183 3 11
183 37 187
183 150 166
184 2 3
184 8 80
184 16 163
184 49 99
184 69 164
184 126 150
184 134 169
185 2 7
185 12 176
185 65 133
185 122 142
185 143 150
185 156 158
186 7 51
186 9 140
186 12 77
186 57 129
187 11 55
187 37 183
187 126 190
187 130 182
188 13 81
188 18 20
188 21 70
188 68 76
188 75 77
188 84 162
189 19 70
189 20 114
189 29 37
189 30 180
189 41 120
189 55 161
190 3 55
190 126 187
191 16 69
191 18 54
191 27 110
191 62 78
191 163 164
192 0 94
192 1 84
192 13 14
192 23 154
