221 16 48 20 1715
2 3 4 7 9 11 12 13 14 15 17 22 25 27 28 29 30 31 32 33 34 35 36 37 38 40 45 46 48 49 50 53 54 55 56 57 58 60 61 62 66 67 68 69 70 71 72 73
16 18 19 20 21 23 24 26 39 41 42 43 44 47 51 52 59 63 64 65
16 0 27
16 1 28
16 2 3
16 34 199
16 76 90
17 2 4
17 34 96
17 39 212
17 43 167
17 44 165
17 50 79
17 51 219
17 64 69
17 76 84
17 83 160
17 87 157
17 134 135
17 154 156
18 4 7
18 5 30
18 6 31
18 24 211
18 35 198
18 90 173
18 109 206
18 130 160
18 131 213
19 0 34
19 4 12
19 8 33
19 27 199
19 91 161
19 121 129
19 136 141
19 149 197
20 2 14
20 6 35
20 10 36
20 31 198
20 39 194
20 83 137
20 144 172
21 6 205
21 9 10
21 11 22
21 23 194
21 26 174
21 89 175
22 9 194
22 10 140
22 11 21
22 14 45
22 49 124
22 85 87
22 92 175
23 8 32
23 9 11
23 21 194
23 24 116
23 58 115
23 89 176
23 92 205
24 5 9
24 13 25
24 18 211
24 23 116
24 58 210
24 102 176
24 107 108
24 133 178
24 172 175
25 7 37
25 13 24
25 40 42
25 44 161
25 79 217
25 121 164
26 1 29
26 9 13
26 21 174
26 74 211
26 94 205
26 104 163
26 132 214
27 0 16
27 12 76
27 19 199
27 48 55
28 1 16
28 30 46
28 76 132
29 1 26
29 3 38
29 9 125
29 11 146
29 39 200
29 40 41
29 90 214
29 106 163
30 4 136
30 5 18
30 9 211
30 12 141
30 13 74
30 28 46
30 31 172
30 54 201
30 90 143
30 103 179
30 144 198
31 4 137
31 6 18
31 14 160
31 20 198
31 30 172
31 49 56
31 100 109
31 111 213
31 114 173
32 8 23
32 9 129
32 11 126
32 12 58
32 72 142
32 91 176
32 127 177
32 151 197
33 4 115
33 8 19
33 11 121
33 36 40
33 73 82
33 89 161
33 196 215
34 0 19
34 3 84
34 4 90
34 7 173
34 16 199
34 17 96
34 41 43
34 50 216
34 57 60
34 83 147
34 98 161
34 121 209
34 136 143
35 2 130
35 5 144
35 6 20
35 7 83
35 18 198
35 36 89
35 39 92
35 40 161
35 42 44
35 47 80
35 61 62
35 81 84
35 147 173
36 2 93
36 10 20
36 11 39
36 33 40
36 35 89
36 53 148
36 83 196
36 133 144
36 146 200
37 7 25
37 9 149
37 40 203
37 44 215
37 45 51
37 57 88
37 65 156
37 74 77
37 75 79
37 82 152
37 86 155
37 121 151
37 123 169
37 153 187
37 162 202
37 166 177
37 186 189
38 3 29
38 39 123
38 40 122
38 52 53
38 59 61
38 65 80
38 75 162
38 79 202
38 182 188
39 2 195
39 11 36
39 15 52
39 17 212
39 20 194
39 29 200
39 35 92
39 38 123
39 40 121
39 42 164
39 55 188
39 59 181
39 63 170
39 65 155
39 66 168
39 74 219
39 80 193
39 82 162
39 83 159
39 86 156
39 102 144
39 151 203
39 152 202
39 158 201
40 25 42
40 29 41
40 33 36
40 35 161
40 37 203
40 38 122
40 39 121
40 63 78
40 65 66
40 83 215
40 153 202
40 162 187
40 181 186
40 218 219
41 3 122
41 29 40
41 34 43
41 44 216
41 47 173
41 80 147
41 96 167
41 121 200
41 143 191
42 7 203
42 25 40
42 35 44
42 39 164
42 81 156
43 7 47
43 12 48
43 17 167
43 34 41
43 44 50
43 55 76
43 79 165
43 80 83
43 84 122
43 88 185
43 136 191
43 153 171
43 156 184
43 159 193
43 200 209
44 14 49
44 17 165
44 25 161
44 35 42
44 37 215
44 41 216
44 43 50
44 45 124
44 55 171
44 56 160
44 76 154
44 76 153
44 79 167
44 83 203
44 84 156
44 87 185
44 92 164
44 122 184
44 151 159
45 9 195
45 14 22
45 37 51
45 44 124
45 55 88
45 75 158
45 76 185
45 77 212
45 87 154
45 93 140
45 156 157
46 28 30
46 51 220
46 65 67
46 78 158
47 5 191
47 7 43
47 35 80
47 41 173
47 62 63
47 92 193
48 12 43
48 27 55
48 66 128
48 83 127
49 14 44
49 22 124
49 31 56
49 76 85
50 13 54
50 17 79
50 34 216
50 43 44
50 55 154
50 64 68
50 69 150
50 74 201
50 76 171
50 84 184
50 87 88
50 158 219
51 17 219
51 37 45
51 46 220
51 55 57
51 63 64
51 65 157
51 74 212
51 79 158
51 124 215
51 149 195
52 15 39
52 38 53
52 70 168
53 15 123
53 36 148
53 38 52
53 68 72
53 139 200
54 13 50
54 30 201
54 143 145
55 27 48
55 39 188
55 43 76
55 44 171
55 45 88
55 50 154
55 51 57
55 63 166
55 65 75
55 79 156
55 80 162
55 82 193
55 84 167
55 122 134
55 123 182
55 168 190
56 31 49
56 44 160
56 58 59
56 65 202
56 66 153
56 69 204
56 74 189
56 77 186
56 79 80
56 82 86
56 83 165
56 152 155
56 156 162
57 34 60
57 37 88
57 51 55
57 64 166
57 75 157
57 86 201
57 156 158
58 9 103
58 12 32
58 23 115
58 24 210
58 56 59
58 63 202
58 74 151
58 77 121
58 78 153
58 80 177
58 87 204
58 101 176
58 122 220
58 152 170
59 7 180
59 38 61
59 39 181
59 56 58
59 63 65
59 64 157
59 66 78
59 69 87
59 75 166
59 79 177
59 88 150
59 97 102
59 113 119
59 121 186
59 151 189
59 155 170
60 34 57
61 35 62
61 38 59
61 63 80
61 123 181
61 162 166
61 177 202
62 35 61
62 47 63
63 39 170
63 40 78
63 47 62
63 51 64
63 55 166
63 58 202
63 59 65
63 61 80
63 69 219
63 150 158
63 155 181
64 17 69
64 50 68
64 51 63
64 57 166
64 59 157
64 79 150
64 88 177
65 37 156
65 38 80
65 39 155
65 40 66
65 46 67
65 51 157
65 55 75
65 56 202
65 59 63
65 82 182
65 84 215
65 87 219
65 88 158
65 98 99
65 121 168
65 123 193
65 134 187
66 3 147
66 7 81
66 15 70
66 39 168
66 40 65
66 48 128
66 56 153
66 59 78
66 76 160
66 80 122
66 83 84
66 86 151
66 87 218
66 121 155
66 134 162
66 156 203
66 177 220
66 188 190
67 9 71
67 46 65
67 78 88
67 157 220
67 186 201
68 50 64
68 53 72
68 69 79
68 80 204
68 82 192
68 87 177
68 121 169
68 123 151
68 218 220
69 11 73
69 17 64
69 50 150
69 56 204
69 59 87
69 63 219
69 68 79
69 74 170
69 78 218
69 82 121
69 123 190
69 151 152
69 168 182
70 15 66
70 52 168
70 72 86
70 76 109
70 139 147
71 9 67
71 98 108
72 15 151
72 32 142
72 53 68
72 70 86
73 11 69
73 33 82
74 4 149
74 12 197
74 13 30
74 26 211
74 37 77
74 39 219
74 50 201
74 51 212
74 56 189
74 58 151
74 69 170
74 78 82
74 87 155
74 121 218
74 143 163
74 169 220
75 7 217
75 9 183
75 37 79
75 38 162
75 45 158
75 55 65
75 57 157
75 59 166
75 82 123
75 97 106
75 113 120
75 121 190
75 122 187
75 151 192
75 155 188
75 167 215
76 3 96
76 4 199
76 12 27
76 16 90
76 17 84
76 28 132
76 43 55
76 44 154
76 44 153
76 45 185
76 49 85
76 50 171
76 66 160
76 70 109
76 79 184
76 82 159
76 83 162
76 84 134
76 87 124
76 122 167
76 156 165
76 187 215
77 4 9
77 37 74
77 45 212
77 56 186
77 58 121
77 78 152
77 86 87
77 123 220
77 151 218
78 40 63
78 46 158
78 58 153
78 59 66
78 67 88
78 69 218
78 74 82
78 77 152
78 79 220
78 81 180
78 86 189
78 121 170
78 155 186
79 17 50
79 25 217
79 37 75
79 38 202
79 43 165
79 44 167
79 51 158
79 55 156
79 56 80
79 59 177
79 64 150
79 68 69
79 76 184
79 78 220
79 82 169
79 84 171
79 86 188
79 88 157
79 96 216
79 121 192
79 122 153
79 123 152
79 149 183
79 151 190
80 12 127
80 35 47
80 38 65
80 39 193
80 41 147
80 43 83
80 55 162
80 56 79
80 58 177
80 61 63
80 66 122
80 68 204
80 82 188
80 86 169
80 123 155
80 144 191
80 160 167
81 7 66
81 35 84
81 42 156
81 78 180
81 86 164
81 130 199
82 33 73
82 37 152
82 39 162
82 55 193
82 56 86
82 65 182
82 68 192
82 69 121
82 74 78
82 75 123
82 76 159
82 79 169
82 80 188
82 87 186
82 121 187
82 122 190
82 134 168
82 151 153
83 4 198
83 7 35
83 17 160
83 20 137
83 34 147
83 36 196
83 39 159
83 40 215
83 43 80
83 44 203
83 48 127
83 56 165
83 66 84
83 76 162
83 125 145
83 136 144
84 2 199
84 3 34
84 17 76
84 35 81
84 43 122
84 44 156
84 50 184
84 55 167
84 65 215
84 66 83
84 76 134
84 79 171
84 124 157
84 127 128
84 153 165
84 159 168
84 160 162
85 14 154
85 22 87
85 49 76
86 37 155
86 39 156
86 56 82
86 57 201
86 66 151
86 70 72
86 77 87
86 78 189
86 79 188
86 80 169
86 81 164
86 121 204
86 154 212
86 182 202
87 17 157
87 22 85
87 44 185
87 45 154
87 50 88
87 58 204
87 59 69
87 65 219
87 66 218
87 68 177
87 74 155
87 76 124
87 77 86
87 82 186
87 152 189
88 37 57
88 43 185
88 45 55
88 50 87
88 59 150
88 64 177
88 65 158
88 67 78
88 79 157
88 124 171
88 155 201
89 0 112
89 5 133
89 6 10
89 7 196
89 8 91
89 9 178
89 9 205
89 11 92
89 13 94
89 14 207
89 21 175
89 23 176
89 33 161
89 35 36
89 93 130
89 101 115
89 102 116
90 0 12
90 1 132
90 2 96
90 4 34
90 6 114
90 8 208
90 9 104
90 13 163
90 16 76
90 18 173
90 29 214
90 30 143
90 98 101
90 103 209
90 118 175
90 145 201
90 147 198
91 0 98
91 8 89
91 12 101
91 19 161
91 32 176
91 92 129
91 126 178
92 5 102
92 6 194
92 7 159
92 9 176
92 11 89
92 22 175
92 23 205
92 35 39
92 44 164
92 47 193
92 91 129
92 98 209
92 101 103
92 119 172
92 121 161
92 130 195
92 140 178
93 2 36
93 6 207
93 10 14
93 11 195
93 45 140
93 89 130
93 94 131
93 95 97
93 111 174
94 6 174
94 7 95
94 13 89
94 26 205
94 93 131
94 111 207
95 7 94
95 13 196
95 93 97
95 113 207
95 137 174
96 2 90
96 3 76
96 17 34
96 41 167
96 79 216
96 145 183
96 147 160
97 4 213
97 6 113
97 7 131
97 59 102
97 75 106
97 93 95
97 111 137
97 124 179
97 132 183
97 144 181
98 0 91
98 8 112
98 34 161
98 65 99
98 71 108
98 90 101
98 92 209
99 3 7
99 65 98
100 6 206
100 14 15
100 31 109
100 111 138
101 4 161
101 12 91
101 58 176
101 89 115
101 90 98
101 92 103
101 102 210
101 112 208
102 5 92
102 6 117
102 6 119
102 11 133
102 24 176
102 39 144
102 59 97
102 89 116
102 101 210
102 106 166
102 131 180
102 136 159
102 172 194
102 191 193
103 4 121
103 5 210
103 9 58
103 11 115
103 12 129
103 30 179
103 90 209
103 92 101
104 1 106
104 6 118
104 9 90
104 26 163
104 125 214
104 126 208
104 143 211
105 1 107
105 2 4
106 1 104
106 6 120
106 9 132
106 13 214
106 29 163
106 75 97
106 102 166
106 131 217
107 1 105
107 24 108
108 24 107
108 71 98
109 15 160
109 18 206
109 31 100
109 70 76
109 138 213
110 0 6
110 10 112
111 6 131
111 7 113
111 13 14
111 31 213
111 93 174
111 94 207
111 97 137
111 100 138
111 119 180
111 120 217
112 0 89
112 8 98
112 10 110
112 101 208
113 6 97
113 7 111
113 59 119
113 75 120
113 95 207
114 6 90
114 9 118
114 31 173
115 0 208
115 4 33
115 8 12
115 11 103
115 23 58
115 89 101
115 116 210
116 5 11
116 10 117
116 23 24
116 89 102
116 115 210
117 5 194
117 6 102
117 10 116
118 1 120
118 6 104
118 9 114
118 90 175
119 6 102
119 59 113
119 92 172
119 111 180
119 120 166
120 1 118
120 6 106
120 75 113
120 111 217
120 119 166
120 132 175
121 4 103
121 11 33
121 19 129
121 25 164
121 34 209
121 37 151
121 39 40
121 41 200
121 58 77
121 59 186
121 65 168
121 66 155
121 68 169
121 69 82
121 74 218
121 75 190
121 78 170
121 79 192
121 82 187
121 86 204
121 92 161
121 122 123
121 134 182
121 136 179
121 152 153
121 159 215
122 3 41
122 38 40
122 43 84
122 44 184
122 55 134
122 58 220
122 66 80
122 75 187
122 76 167
122 79 153
122 82 190
122 121 123
122 151 169
122 168 193
123 3 200
123 15 53
123 37 169
123 38 39
123 55 182
123 61 181
123 65 193
123 68 151
123 69 190
123 75 82
123 77 220
123 79 152
123 80 155
123 121 122
123 153 192
124 22 49
124 44 45
124 51 215
124 76 87
124 84 157
124 88 171
124 97 179
124 153 185
124 159 186
124 160 218
125 1 13
125 9 29
125 83 145
125 104 214
125 132 163
125 140 146
126 8 9
126 11 32
126 91 178
126 104 208
126 129 140
127 12 80
127 32 177
127 48 83
127 84 128
128 48 66
128 84 127
129 0 209
129 8 11
129 9 32
129 12 103
129 19 121
129 91 92
129 126 140
129 141 179
130 2 35
130 6 14
130 13 131
130 15 206
130 18 160
130 81 199
130 89 93
130 92 195
130 214 217
131 6 111
131 7 97
131 13 130
131 18 213
131 93 94
131 102 180
131 106 217
131 138 206
132 1 90
132 9 106
132 26 214
132 28 76
132 97 183
132 120 175
132 125 163
133 5 89
133 10 172
133 11 102
133 24 178
133 36 144
133 136 196
134 17 135
134 55 122
134 65 187
134 66 162
134 76 84
134 82 168
134 121 182
134 153 156
134 171 184
135 17 134
135 76 76
135 153 154
136 4 30
136 5 7
136 13 149
136 19 141
136 34 143
136 43 191
136 83 144
136 102 159
136 121 179
136 133 196
136 137 172
137 4 31
137 6 7
137 10 196
137 20 83
137 95 174
137 97 111
137 136 172
137 159 194
138 13 15
138 100 111
138 109 213
138 131 206
138 141 142
139 3 15
139 53 200
139 70 147
139 146 148
140 9 11
140 10 22
140 45 93
140 92 178
140 125 146
140 126 129
141 0 143
141 12 30
141 13 197
141 19 136
141 129 179
141 138 142
142 15 197
142 32 72
142 138 141
143 0 141
143 5 173
143 30 90
143 34 136
143 41 191
143 54 145
143 74 163
143 104 211
143 144 147
143 179 209
144 5 35
144 20 172
144 30 198
144 36 133
144 39 102
144 80 191
144 83 136
144 97 181
144 143 147
145 54 143
145 83 125
145 90 201
145 96 183
145 149 216
146 11 29
146 36 200
146 125 140
146 139 148
147 3 66
147 34 83
147 35 173
147 41 80
147 70 139
147 90 198
147 96 160
147 143 144
148 36 53
148 139 146
149 4 74
149 9 37
149 13 136
149 19 197
149 51 195
149 79 183
149 145 216
150 50 69
150 59 88
150 63 158
150 64 79
150 170 201
151 7 164
151 15 72
151 32 197
151 37 121
151 39 203
151 44 159
151 58 74
151 59 189
151 66 86
151 68 123
151 69 152
151 75 192
151 77 218
151 79 190
151 82 153
151 122 169
151 155 204
151 156 168
152 37 82
152 39 202
152 56 155
152 58 170
152 69 151
152 77 78
152 79 123
152 87 189
152 121 153
152 156 182
153 37 187
153 40 202
153 43 171
153 44 76
153 56 66
153 58 78
153 79 122
153 82 151
153 84 165
153 121 152
153 123 192
153 124 185
153 134 156
153 135 154
153 162 203
154 14 85
154 17 156
154 44 76
154 45 87
154 50 55
154 86 212
154 135 153
154 167 184
155 37 86
155 39 65
155 56 152
155 59 170
155 63 181
155 66 121
155 74 87
155 75 188
155 78 186
155 80 123
155 88 201
155 151 204
155 162 182
156 17 154
156 37 65
156 39 86
156 42 81
156 43 184
156 44 84
156 45 157
156 55 79
156 56 162
156 57 158
156 66 203
156 76 165
156 134 153
156 151 168
156 152 182
156 169 193
157 17 87
157 45 156
157 51 65
157 57 75
157 59 64
157 67 220
157 79 88
157 84 124
157 165 185
158 39 201
158 45 75
158 46 78
158 50 219
158 51 79
158 57 156
158 63 150
158 65 88
158 183 195
159 7 92
159 11 196
159 39 83
159 43 193
159 44 151
159 76 82
159 84 168
159 102 136
159 121 215
159 124 186
159 137 194
159 160 212
159 167 190
159 169 184
160 2 198
160 13 213
160 14 31
160 15 109
160 17 83
160 18 130
160 44 56
160 66 76
160 80 167
160 84 162
160 96 147
160 124 218
160 159 212
160 165 203
161 4 101
161 7 215
161 19 91
161 25 44
161 33 89
161 34 98
161 35 40
161 92 121
161 167 217
162 37 202
162 38 75
162 39 82
162 40 187
162 55 80
162 56 156
162 61 166
162 66 134
162 76 83
162 84 160
162 153 203
162 155 182
162 198 199
163 13 90
163 26 104
163 29 106
163 74 143
163 125 132
164 7 151
164 25 121
164 39 42
164 44 92
164 81 86
164 180 189
164 192 217
165 17 44
165 43 79
165 56 83
165 76 156
165 84 153
165 157 185
165 160 203
166 37 177
166 55 63
166 57 64
166 59 75
166 61 162
166 102 106
166 119 120
166 170 188
166 180 217
166 189 192
167 17 43
167 41 96
167 44 79
167 55 84
167 75 215
167 76 122
167 80 160
167 154 184
167 159 190
167 161 217
168 39 66
168 52 70
168 55 190
168 65 121
168 69 182
168 82 134
168 84 159
168 122 193
168 151 156
169 37 123
169 68 121
169 74 220
169 79 82
169 80 86
169 122 151
169 156 193
169 159 184
169 187 192
170 39 63
170 58 152
170 59 155
170 69 74
170 78 121
170 150 201
170 166 188
170 189 204
171 43 153
171 44 55
171 50 76
171 79 84
171 88 124
171 134 184
172 5 6
172 10 133
172 20 144
172 24 175
172 30 31
172 92 119
172 102 194
172 136 137
173 5 143
173 7 34
173 18 90
173 31 114
173 35 147
173 41 47
174 6 94
174 10 13
174 21 26
174 93 111
174 95 137
175 6 9
175 10 178
175 21 89
175 22 92
175 24 172
175 90 118
175 120 132
175 176 194
176 9 92
176 11 178
176 23 89
176 24 102
176 32 91
176 58 101
176 175 194
177 32 127
177 37 166
177 58 80
177 59 79
177 61 202
177 64 88
177 66 220
177 68 87
177 186 192
178 9 89
178 10 175
178 11 176
178 24 133
178 91 126
178 92 140
179 30 103
179 97 124
179 121 136
179 129 141
179 143 209
180 7 59
180 78 81
180 102 131
180 111 119
180 164 189
180 166 217
181 39 59
181 40 186
181 61 123
181 63 155
181 97 144
181 189 203
182 38 188
182 55 123
182 65 82
182 69 168
182 86 202
182 121 134
182 152 156
182 155 162
183 2 201
183 9 75
183 79 149
183 96 145
183 97 132
183 158 195
184 3 216
184 43 156
184 44 122
184 50 84
184 76 79
184 134 171
184 154 167
184 159 169
185 43 88
185 44 87
185 45 76
185 124 153
185 157 165
186 37 189
186 40 181
186 56 77
186 59 121
186 67 201
186 78 155
186 82 87
186 124 159
186 177 192
187 37 153
187 40 162
187 65 134
187 75 122
187 76 215
187 82 121
187 169 192
188 38 182
188 39 55
188 66 190
188 75 155
188 79 86
188 80 82
188 166 170
188 192 204
189 37 186
189 56 74
189 59 151
189 78 86
189 87 152
189 164 180
189 166 192
189 170 204
189 181 203
190 55 168
190 66 188
190 69 123
190 75 121
190 79 151
190 82 122
190 159 167
191 5 47
191 41 143
191 43 136
191 80 144
191 102 193
192 68 82
192 75 151
192 79 121
192 123 153
192 164 217
192 166 189
192 169 187
192 177 186
192 188 204
193 39 80
193 43 159
193 47 92
193 55 82
193 65 123
193 102 191
193 122 168
193 156 169
194 5 117
194 6 92
194 9 22
194 10 11
194 14 195
194 20 39
194 21 23
194 102 172
194 137 159
194 175 176
195 2 39
195 4 212
195 9 45
195 11 93
195 14 194
195 51 149
195 92 130
195 158 183
196 7 89
196 10 137
196 11 159
196 13 95
196 33 215
196 36 83
196 133 136
197 12 74
197 13 141
197 15 142
197 19 149
197 32 151
198 2 160
198 4 83
198 18 35
198 20 31
198 30 144
198 90 147
198 162 199
199 2 84
199 4 76
199 16 34
199 19 27
199 81 130
199 162 198
200 3 123
200 29 39
200 36 146
200 41 121
200 43 209
200 53 139
201 2 183
201 30 54
201 39 158
201 50 74
201 57 86
201 67 186
201 88 155
201 90 145
201 150 170
202 37 162
202 38 79
202 39 152
202 40 153
202 56 65
202 58 63
202 61 177
202 86 182
203 7 42
203 37 40
203 39 151
203 44 83
203 66 156
203 153 162
203 160 165
203 181 189
204 56 69
204 58 87
204 68 80
204 86 121
204 151 155
204 170 189
204 188 192
205 6 21
205 9 89
205 23 92
205 26 94
206 6 100
206 15 130
206 18 109
206 131 138
207 6 93
207 14 89
207 94 111
207 95 113
208 0 115
208 8 90
208 101 112
208 104 126
209 0 129
209 34 121
209 43 200
209 90 103
209 92 98
209 143 179
210 5 103
210 24 58
210 101 102
210 115 116
211 9 30
211 18 24
211 26 74
211 104 143
212 4 195
212 17 39
212 45 77
212 51 74
212 86 154
212 159 160
213 4 97
213 13 160
213 18 131
213 31 111
213 109 138
214 13 106
214 26 132
214 29 90
214 104 125
214 130 217
215 7 161
215 33 196
215 37 44
215 40 83
215 51 124
215 65 84
215 75 167
215 76 187
215 121 159
216 3 184
216 34 50
216 41 44
216 79 96
216 145 149
217 7 75
217 25 79
217 106 131
217 111 120
217 130 214
217 161 167
217 164 192
217 166 180
218 40 219
218 66 87
218 68 220
218 69 78
218 74 121
218 77 151
218 124 160
219 17 51
219 39 74
219 40 218
219 50 158
219 63 69
219 65 87
220 46 51
220 58 122
220 66 177
220 67 157
220 68 218
220 74 169
220 77 123
220 78 79
